nome,uf,latitude,longitude
Abadia de Goiás,GO,-16.7573,-49.4412
Abadia dos Dourados,MG,-18.4831,-47.3916
Abadiânia,GO,-16.197,-48.7057
Abaeté,MG,-19.1551,-45.4444
Abaetetuba,PA,-1.72183,-48.8788
Abaiara,CE,-7.34588,-39.0416
Abaíra,BA,-13.2488,-41.6619
Abaré,BA,-8.72073,-39.1162
Abatiá,PR,-23.3049,-50.3133
Abdon Batista,SC,-27.6126,-51.0233
Abel Figueiredo,PA,-4.95333,-48.3933
Abelardo Luz,SC,-26.5716,-52.3229
Abre Campo,MG,-20.2996,-42.4743
Abreu e Lima,PE,-7.90072,-34.8984
Abreulândia,TO,-9.62101,-49.1518
Acaiaca,MG,-20.359,-43.1439
Açailândia,MA,-4.94714,-47.5004
Acajutiba,BA,-11.6575,-38.0197
Acará,PA,-1.95383,-48.1985
Acarape,CE,-4.22083,-38.7055
Acaraú,CE,-2.88769,-40.1183
Acari,RN,-6.4282,-36.6347
Acauã,PI,-8.21954,-41.0831
Aceguá,RS,-31.8665,-54.1615
Acopiara,CE,-6.08911,-39.448
Acorizal,MT,-15.194,-56.3632
Acrelândia,AC,-9.82581,-66.8972
Acreúna,GO,-17.396,-50.3749
Açu,RN,-5.58362,-36.914
Açucena,MG,-19.0671,-42.5419
Adamantina,SP,-21.682,-51.0737
Adelândia,GO,-16.4127,-50.1657
Adolfo,SP,-21.2325,-49.6451
Adrianópolis,PR,-24.6606,-48.9922
Adustina,BA,-10.5437,-38.1113
Afogados da Ingazeira,PE,-7.74312,-37.631
Afonso Bezerra,RN,-5.49229,-36.5075
Afonso Cláudio,ES,-20.0778,-41.1261
Afonso Cunha,MA,-4.13631,-43.3275
Afrânio,PE,-8.51136,-41.0095
Afuá,PA,-0.154874,-50.3861
Agrestina,PE,-8.45966,-35.9447
Agricolândia,PI,-5.79676,-42.6664
Agrolândia,SC,-27.4087,-49.822
Agronômica,SC,-27.2662,-49.708
Água Azul do Norte,PA,-6.79053,-50.4791
Água Boa,MG,-17.9914,-42.3806
Água Boa,MT,-14.051,-52.1601
Água Branca,PI,-5.88856,-42.637
Água Branca,PB,-7.51144,-37.6357
Água Branca,AL,-9.262,-37.938
Água Clara,MS,-20.4452,-52.879
Água Comprida,MG,-20.0576,-48.1069
Água Doce,SC,-26.9985,-51.5528
Água Doce do Maranhão,MA,-2.84048,-42.1189
Água Doce do Norte,ES,-18.5482,-40.9854
Água Fria,BA,-11.8618,-38.7639
Água Fria de Goiás,GO,-14.9778,-47.7823
Água Limpa,GO,-18.0771,-48.7603
Água Nova,RN,-6.20351,-38.2941
Água Preta,PE,-8.70609,-35.5263
Água Santa,RS,-28.1672,-52.031
Aguaí,SP,-22.0572,-46.9735
Aguanil,MG,-20.9439,-45.3915
Águas Belas,PE,-9.11125,-37.1226
Águas da Prata,SP,-21.9319,-46.7176
Águas de Chapecó,SC,-27.0754,-52.9808
Águas de Lindóia,SP,-22.4733,-46.6314
Águas de Santa Bárbara,SP,-22.8812,-49.2421
Águas de São Pedro,SP,-22.5977,-47.8734
Águas Formosas,MG,-17.0802,-40.9384
Águas Frias,SC,-26.8794,-52.8568
Águas Lindas de Goiás,GO,-15.7617,-48.2816
Águas Mornas,SC,-27.6963,-48.8243
Águas Vermelhas,MG,-15.7431,-41.4571
Agudo,RS,-29.6447,-53.2515
Agudos,SP,-22.4694,-48.9863
Agudos do Sul,PR,-25.9899,-49.3343
Águia Branca,ES,-18.9846,-40.7437
Aguiar,PB,-7.0918,-38.1681
Aguiarnópolis,TO,-6.55409,-47.4702
Aimorés,MG,-19.5007,-41.0746
Aiquara,BA,-14.1269,-39.8937
Aiuaba,CE,-6.57122,-40.1178
Aiuruoca,MG,-21.9736,-44.6042
Ajuricaba,RS,-28.2342,-53.7757
Alagoa,MG,-22.171,-44.6413
Alagoa Grande,PB,-7.03943,-35.6206
Alagoa Nova,PB,-7.05377,-35.7591
Alagoinha,PB,-6.94657,-35.5332
Alagoinha,PE,-8.4665,-36.7788
Alagoinha do Piauí,PI,-7.00039,-40.9282
Alagoinhas,BA,-12.1335,-38.4208
Alambari,SP,-23.5503,-47.898
Albertina,MG,-22.2018,-46.6139
Alcântara,MA,-2.39574,-44.4062
Alcântaras,CE,-3.58537,-40.5479
Alcantil,PB,-7.73668,-36.0511
Alcinópolis,MS,-18.3255,-53.7042
Alcobaça,BA,-17.5195,-39.2036
Aldeias Altas,MA,-4.62621,-43.4689
Alecrim,RS,-27.6579,-54.7649
Alegre,ES,-20.758,-41.5382
Alegrete,RS,-29.7902,-55.7949
Alegrete do Piauí,PI,-7.24196,-40.8566
Alegria,RS,-27.8345,-54.0557
Além Paraíba,MG,-21.8797,-42.7176
Alenquer,PA,-1.94623,-54.7384
Alexandria,RN,-6.40533,-38.0142
Alexânia,GO,-16.0834,-48.5076
Alfenas,MG,-21.4256,-45.9477
Alfredo Chaves,ES,-20.6396,-40.7543
Alfredo Marcondes,SP,-21.9527,-51.414
Alfredo Vasconcelos,MG,-21.1535,-43.7718
Alfredo Wagner,SC,-27.7001,-49.3273
Algodão de Jandaíra,PB,-6.89292,-36.0129
Alhandra,PB,-7.42977,-34.9057
Aliança,PE,-7.60398,-35.2227
Aliança do Tocantins,TO,-11.3056,-48.9361
Almadina,BA,-14.7089,-39.6415
Almas,TO,-11.5706,-47.1792
Almeirim,PA,-1.52904,-52.5788
Almenara,MG,-16.1785,-40.6942
Almino Afonso,RN,-6.1475,-37.7636
Almirante Tamandaré,PR,-25.3188,-49.3037
Almirante Tamandaré do Sul,RS,-28.1149,-52.9142
Aloândia,GO,-17.7292,-49.4769
Alpercata,MG,-18.974,-41.97
Alpestre,RS,-27.2502,-53.0341
Alpinópolis,MG,-20.8631,-46.3878
Alta Floresta,MT,-9.86674,-56.0867
Alta Floresta D'Oeste,RO,-11.9283,-61.9953
Altair,SP,-20.5242,-49.0571
Altamira,PA,-3.20407,-52.21
Altamira do Maranhão,MA,-4.16598,-45.4706
Altamira do Paraná,PR,-24.7983,-52.7128
Altaneira,CE,-6.99837,-39.7356
Alterosa,MG,-21.2488,-46.1387
Altinho,PE,-8.48482,-36.0644
Altinópolis,SP,-21.0214,-47.3712
Alto Alegre,SP,-21.5811,-50.168
Alto Alegre,RR,2.98858,-61.3072
Alto Alegre,RS,-28.7769,-52.9893
Alto Alegre do Maranhão,MA,-4.213,-44.446
Alto Alegre do Pindaré,MA,-3.66689,-45.8421
Alto Alegre dos Parecis,RO,-12.132,-61.835
Alto Araguaia,MT,-17.3153,-53.2181
Alto Bela Vista,SC,-27.4333,-51.9044
Alto Boa Vista,MT,-11.6732,-51.3883
Alto Caparaó,MG,-20.431,-41.8738
Alto do Rodrigues,RN,-5.28186,-36.75
Alto Feliz,RS,-29.3919,-51.3123
Alto Garças,MT,-16.9462,-53.5272
Alto Horizonte,GO,-14.1978,-49.3378
Alto Jequitibá,MG,-20.4208,-41.967
Alto Longá,PI,-5.25634,-42.2096
Alto Paraguai,MT,-14.5137,-56.4776
Alto Paraíso,PR,-26.1146,-52.7469
Alto Paraíso,RO,-9.71429,-63.3188
Alto Paraíso de Goiás,GO,-14.1305,-47.51
Alto Paraná,PR,-23.1312,-52.3189
Alto Parnaíba,MA,-9.10273,-45.9303
Alto Piquiri,PR,-24.0224,-53.44
Alto Rio Doce,MG,-21.0281,-43.4067
Alto Rio Novo,ES,-19.0618,-41.0209
Alto Santo,CE,-5.50894,-38.2743
Alto Taquari,MT,-17.8241,-53.2792
Altônia,PR,-23.8759,-53.8958
Altos,PI,-5.03888,-42.4612
Alumínio,SP,-23.5306,-47.2546
Alvarães,AM,-3.22727,-64.8007
Alvarenga,MG,-19.4174,-41.7317
Álvares Florence,SP,-20.3203,-49.9141
Álvares Machado,SP,-22.0764,-51.4722
Álvaro de Carvalho,SP,-22.0841,-49.719
Alvinlândia,SP,-22.4435,-49.7623
Alvinópolis,MG,-20.1098,-43.0535
Alvorada,TO,-12.4785,-49.1249
Alvorada,RS,-29.9914,-51.0809
Alvorada D'Oeste,RO,-11.3463,-62.2847
Alvorada de Minas,MG,-18.7334,-43.3638
Alvorada do Gurguéia,PI,-8.42418,-43.777
Alvorada do Norte,GO,-14.4797,-46.491
Alvorada do Sul,PR,-22.7813,-51.2297
Amajari,RR,3.64571,-61.3692
Amambai,MS,-23.1058,-55.2253
Amapá,AP,2.05267,-50.7957
Amapá do Maranhão,MA,-1.67524,-46.0024
Amaporã,PR,-23.0943,-52.7866
Amaraji,PE,-8.37691,-35.4501
Amaral Ferrador,RS,-30.8756,-52.2509
Amaralina,GO,-13.9236,-49.2962
Amarante,PI,-6.24304,-42.8433
Amarante do Maranhão,MA,-5.56913,-46.7473
Amargosa,BA,-13.0215,-39.602
Amaturá,AM,-3.37455,-68.2005
Amélia Rodrigues,BA,-12.3914,-38.7563
América Dourada,BA,-11.4429,-41.439
Americana,SP,-22.7374,-47.3331
Americano do Brasil,GO,-16.2514,-49.9831
Américo Brasiliense,SP,-21.7288,-48.1147
Américo de Campos,SP,-20.2985,-49.7359
Ametista do Sul,RS,-27.3607,-53.183
Amontada,CE,-3.36017,-39.8288
Amorinópolis,GO,-16.6151,-51.0919
Amparo,PB,-7.55502,-37.0628
Amparo,SP,-22.7088,-46.772
Amparo de São Francisco,SE,-10.1348,-36.935
Amparo do Serra,MG,-20.5051,-42.8009
Ampére,PR,-25.9168,-53.4686
Anadia,AL,-9.68489,-36.3078
Anagé,BA,-14.6151,-41.1356
Anahy,PR,-24.6449,-53.1332
Anajás,PA,-0.996811,-49.9354
Anajatuba,MA,-3.26269,-44.6126
Analândia,SP,-22.1289,-47.6619
Anamã,AM,-3.56697,-61.3963
Ananás,TO,-6.36437,-48.0735
Ananindeua,PA,-1.36391,-48.3743
Anápolis,GO,-16.3281,-48.953
Anapu,PA,-3.46985,-51.2003
Anapurus,MA,-3.67577,-43.1014
Anastácio,MS,-20.4823,-55.8104
Anaurilândia,MS,-22.1852,-52.7191
Anchieta,SC,-26.5382,-53.3319
Anchieta,ES,-20.7955,-40.6425
Andaraí,BA,-12.8049,-41.3297
Andirá,PR,-23.0533,-50.2304
Andorinha,BA,-10.3482,-39.8391
Andradas,MG,-22.0695,-46.5724
Andradina,SP,-20.8948,-51.3786
André da Rocha,RS,-28.6283,-51.5797
Andrelândia,MG,-21.7411,-44.3117
Angatuba,SP,-23.4917,-48.4139
Angelândia,MG,-17.7279,-42.2641
Angélica,MS,-22.1527,-53.7708
Angelim,PE,-8.88429,-36.2902
Angelina,SC,-27.5704,-48.9879
Angical,BA,-12.0063,-44.7003
Angical do Piauí,PI,-6.08786,-42.74
Angico,TO,-6.39179,-47.8611
Angicos,RN,-5.65792,-36.6094
Angra dos Reis,RJ,-23.0011,-44.3196
Anguera,BA,-12.1462,-39.2462
Ângulo,PR,-23.1946,-51.9154
Anhanguera,GO,-18.3339,-48.2204
Anhembi,SP,-22.793,-48.1336
Anhumas,SP,-22.2934,-51.3895
Anicuns,GO,-16.4642,-49.9617
Anísio de Abreu,PI,-9.18564,-43.0494
Anita Garibaldi,SC,-27.6897,-51.1271
Anitápolis,SC,-27.9012,-49.1316
Anori,AM,-3.74603,-61.6575
Anta Gorda,RS,-28.9698,-52.0102
Antas,BA,-10.3856,-38.3401
Antonina,PR,-25.4386,-48.7191
Antonina do Norte,CE,-6.76919,-39.987
Antônio Almeida,PI,-7.21276,-44.1889
Antônio Cardoso,BA,-12.4335,-39.1176
Antônio Carlos,SC,-27.5191,-48.766
Antônio Carlos,MG,-21.321,-43.7451
Antônio Dias,MG,-19.6491,-42.8732
Antônio Gonçalves,BA,-10.5767,-40.2785
Antônio João,MS,-22.1927,-55.9517
Antônio Martins,RN,-6.21367,-37.8834
Antônio Olinto,PR,-25.9804,-50.1972
Antônio Prado,RS,-28.8565,-51.2883
Antônio Prado de Minas,MG,-21.0192,-42.1109
Aparecida,PB,-6.78466,-38.0803
Aparecida,SP,-22.8495,-45.2325
Aparecida d'Oeste,SP,-20.4487,-50.8835
Aparecida de Goiânia,GO,-16.8198,-49.2469
Aparecida do Rio Doce,GO,-18.2941,-51.1516
Aparecida do Rio Negro,TO,-9.94139,-47.9638
Aparecida do Taboado,MS,-20.0873,-51.0961
Aperibé,RJ,-21.6252,-42.1017
Apiacá,ES,-21.1523,-41.5693
Apiacás,MT,-9.53981,-57.4587
Apiaí,SP,-24.5108,-48.8443
Apicum-Açu,MA,-1.45862,-45.0864
Apiúna,SC,-27.0375,-49.3885
Apodi,RN,-5.65349,-37.7946
Aporá,BA,-11.6577,-38.0814
Aporé,GO,-18.9607,-51.9232
Apuarema,BA,-13.8542,-39.7501
Apucarana,PR,-23.55,-51.4635
Apuí,AM,-7.19409,-59.896
Apuiarés,CE,-3.94506,-39.4359
Aquidabã,SE,-10.278,-37.0148
Aquidauana,MS,-20.4666,-55.7868
Aquiraz,CE,-3.89929,-38.3896
Arabutã,SC,-27.1587,-52.1423
Araçagi,PB,-6.84374,-35.3737
Araçaí,MG,-19.1955,-44.2493
Aracaju,SE,-10.9091,-37.0677
Araçariguama,SP,-23.4366,-47.0608
Araças,BA,-12.22,-38.2027
Aracati,CE,-4.55826,-37.7679
Aracatu,BA,-14.428,-41.4648
Araçatuba,SP,-21.2076,-50.4401
Araci,BA,-11.3253,-38.9584
Aracitaba,MG,-21.3446,-43.3736
Araçoiaba,PE,-7.78391,-35.0809
Aracoiaba,CE,-4.36872,-38.8125
Araçoiaba da Serra,SP,-23.5029,-47.6166
Aracruz,ES,-19.82,-40.2764
Araçu,GO,-16.3563,-49.6804
Araçuaí,MG,-16.8523,-42.0637
Aragarças,GO,-15.8955,-52.2372
Aragoiânia,GO,-16.9087,-49.4476
Aragominas,TO,-7.16005,-48.5291
Araguacema,TO,-8.80755,-49.5569
Araguaçu,TO,-12.9289,-49.8231
Araguaiana,MT,-15.7291,-51.8341
Araguaína,TO,-7.19238,-48.2044
Araguainha,MT,-16.857,-53.0318
Araguanã,TO,-6.58225,-48.6395
Araguanã,MA,-2.94644,-45.6589
Araguapaz,GO,-15.0909,-50.6315
Araguari,MG,-18.6456,-48.1934
Araguatins,TO,-5.64659,-48.1232
Araioses,MA,-2.89091,-41.905
Aral Moreira,MS,-22.9385,-55.6334
Aramari,BA,-12.0884,-38.4969
Arambaré,RS,-30.9092,-51.5046
Arame,MA,-4.88347,-46.0032
Aramina,SP,-20.0882,-47.7873
Arandu,SP,-23.1386,-49.0487
Arantina,MG,-21.9102,-44.2555
Arapeí,SP,-22.6717,-44.4441
Arapiraca,AL,-9.75487,-36.6615
Arapoema,TO,-7.65463,-49.0637
Araponga,MG,-20.6686,-42.5178
Arapongas,PR,-23.4153,-51.4259
Araporã,MG,-18.4357,-49.1847
Arapoti,PR,-24.1548,-49.8285
Arapuã,PR,-24.3132,-51.7856
Arapuá,MG,-19.0268,-46.1484
Araputanga,MT,-15.4641,-58.3425
Araquari,SC,-26.3754,-48.7188
Arara,PB,-6.82813,-35.7552
Araranguá,SC,-28.9356,-49.4918
Araraquara,SP,-21.7845,-48.178
Araras,SP,-22.3572,-47.3842
Ararendá,CE,-4.74567,-40.831
Arari,MA,-3.45214,-44.7665
Araricá,RS,-29.6168,-50.9291
Araripe,CE,-7.21319,-40.1359
Araripina,PE,-7.57073,-40.494
Araruama,RJ,-22.8697,-42.3326
Araruna,PR,-23.9315,-52.5021
Araruna,PB,-6.54848,-35.7498
Arataca,BA,-15.2651,-39.419
Aratiba,RS,-27.3978,-52.2975
Aratuba,CE,-4.41229,-39.0471
Aratuípe,BA,-13.0716,-39.0038
Arauá,SE,-11.2614,-37.6201
Araucária,PR,-25.5859,-49.4047
Araújos,MG,-19.9405,-45.1671
Araxá,MG,-19.5902,-46.9438
Arceburgo,MG,-21.359,-46.9401
Arco-Íris,SP,-21.7728,-50.466
Arcos,MG,-20.2863,-45.5373
Arcoverde,PE,-8.41519,-37.0577
Areado,MG,-21.3572,-46.1421
Areal,RJ,-22.2283,-43.1118
Arealva,SP,-22.031,-48.9135
Areia,PB,-6.96396,-35.6977
Areia Branca,RN,-4.95254,-37.1252
Areia Branca,SE,-10.758,-37.3251
Areia de Baraúnas,PB,-7.11702,-36.9404
Areial,PB,-7.04789,-35.9313
Areias,SP,-22.5786,-44.6992
Areiópolis,SP,-22.6672,-48.6681
Arenápolis,MT,-14.4472,-56.8437
Arenópolis,GO,-16.3837,-51.5563
Arês,RN,-6.18831,-35.1608
Argirita,MG,-21.6083,-42.8292
Aricanduva,MG,-17.8666,-42.5533
Arinos,MG,-15.9187,-46.1043
Aripuanã,MT,-10.1723,-59.4568
Ariquemes,RO,-9.90571,-63.0325
Ariranha,SP,-21.1872,-48.7904
Ariranha do Ivaí,PR,-24.3857,-51.5839
Armação dos Búzios,RJ,-22.7528,-41.8846
Armazém,SC,-28.2448,-49.0215
Arneiroz,CE,-6.3165,-40.1653
Aroazes,PI,-6.11022,-41.7822
Aroeiras,PB,-7.54473,-35.7066
Aroeiras do Itaim,PI,-7.24502,-41.5325
Arraial,PI,-6.65075,-42.5418
Arraial do Cabo,RJ,-22.9774,-42.0267
Arraias,TO,-12.9287,-46.9359
Arroio do Meio,RS,-29.4014,-51.9557
Arroio do Padre,RS,-31.4389,-52.4246
Arroio do Sal,RS,-29.5439,-49.8895
Arroio do Tigre,RS,-29.3348,-53.0966
Arroio dos Ratos,RS,-30.0875,-51.7275
Arroio Grande,RS,-32.2327,-53.0862
Arroio Trinta,SC,-26.9257,-51.3407
Artur Nogueira,SP,-22.5727,-47.1727
Aruanã,GO,-14.9166,-51.075
Arujá,SP,-23.3965,-46.32
Arvoredo,SC,-27.0748,-52.4543
Arvorezinha,RS,-28.8737,-52.1781
Ascurra,SC,-26.9548,-49.3783
Aspásia,SP,-20.16,-50.728
Assaí,PR,-23.3697,-50.8459
Assaré,CE,-6.8669,-39.8689
Assis,SP,-22.66,-50.4183
Assis Brasil,AC,-10.9298,-69.5738
Assis Chateaubriand,PR,-24.4168,-53.5213
Assunção,PB,-7.07231,-36.725
Assunção do Piauí,PI,-5.865,-41.0389
Astolfo Dutra,MG,-21.3184,-42.8572
Astorga,PR,-23.2318,-51.6668
Atalaia,PR,-23.1517,-52.0551
Atalaia,AL,-9.5119,-36.0086
Atalaia do Norte,AM,-4.37055,-70.1967
Atalanta,SC,-27.4219,-49.7789
Ataléia,MG,-18.0438,-41.1149
Atibaia,SP,-23.1171,-46.5563
Atilio Vivacqua,ES,-20.913,-41.1986
Augustinópolis,TO,-5.46863,-47.8863
Augusto Corrêa,PA,-1.05109,-46.6147
Augusto de Lima,MG,-18.0997,-44.2655
Augusto Pestana,RS,-28.5172,-53.9883
Augusto Severo (Campo Grande),RN,-5.86206,-37.3135
Áurea,RS,-27.6936,-52.0505
Aurelino Leal,BA,-14.321,-39.329
Auriflama,SP,-20.6836,-50.5572
Aurilândia,GO,-16.6773,-50.4641
Aurora,CE,-6.93349,-38.9742
Aurora,SC,-27.3098,-49.6295
Aurora do Pará,PA,-2.14898,-47.5677
Aurora do Tocantins,TO,-12.7105,-46.4076
Autazes,AM,-3.58574,-59.1256
Avaí,SP,-22.1514,-49.3356
Avanhandava,SP,-21.4584,-49.9509
Avaré,SP,-23.1067,-48.9251
Aveiro,PA,-3.60841,-55.3199
Avelino Lopes,PI,-10.1345,-43.9563
Avelinópolis,GO,-16.4672,-49.7579
Axixá,MA,-2.83939,-44.062
Axixá do Tocantins,TO,-5.61275,-47.7701
Babaçulândia,TO,-7.20923,-47.7613
Bacabal,MA,-4.22447,-44.7832
Bacabeira,MA,-2.96452,-44.3164
Bacuri,MA,-1.6965,-45.1328
Bacurituba,MA,-2.71,-44.7329
Bady Bassitt,SP,-20.9197,-49.4385
Baependi,MG,-21.957,-44.8874
Bagé,RS,-31.3297,-54.0999
Bagre,PA,-1.90057,-50.1987
Baía da Traição,PB,-6.69209,-34.9381
Baía Formosa,RN,-6.37161,-35.0033
Baianópolis,BA,-12.3016,-44.5388
Baião,PA,-2.79021,-49.6694
Baixa Grande,BA,-11.9519,-40.169
Baixa Grande do Ribeiro,PI,-7.84903,-45.219
Baixio,CE,-6.71945,-38.7134
Baixo Guandu,ES,-19.5213,-41.0109
Balbinos,SP,-21.8963,-49.3619
Baldim,MG,-19.2832,-43.9613
Baliza,GO,-16.1966,-52.5393
Balneário Arroio do Silva,SC,-28.9806,-49.4237
Balneário Barra do Sul,SC,-26.4597,-48.6123
Balneário Camboriú,SC,-26.9926,-48.6352
Balneário Gaivota,SC,-29.1527,-49.5841
Balneário Piçarras,SC,-26.7639,-48.6717
Balneário Pinhal,RS,-30.2419,-50.2337
Balneário Rincão,SC,-28.8314,-49.2352
Balsa Nova,PR,-25.5804,-49.6291
Bálsamo,SP,-20.7348,-49.5865
Balsas,MA,-7.53214,-46.0372
Bambuí,MG,-20.0166,-45.9754
Banabuiú,CE,-5.30454,-38.9132
Bananal,SP,-22.6819,-44.3281
Bananeiras,PB,-6.74775,-35.6246
Bandeira,MG,-15.8783,-40.5622
Bandeira do Sul,MG,-21.7308,-46.3833
Bandeirante,SC,-26.7705,-53.6413
Bandeirantes,MS,-19.9275,-54.3585
Bandeirantes,PR,-23.1078,-50.3704
Bandeirantes do Tocantins,TO,-7.75612,-48.5836
Bannach,PA,-7.34779,-50.3959
Banzaê,BA,-10.5788,-38.6212
Barão,RS,-29.3725,-51.4949
Barão de Antonina,SP,-23.6284,-49.5634
Barão de Cocais,MG,-19.9389,-43.4755
Barão de Cotegipe,RS,-27.6208,-52.3798
Barão de Grajaú,MA,-6.74463,-43.0261
Barão de Melgaço,MT,-16.2067,-55.9623
Barão de Monte Alto,MG,-21.2444,-42.2372
Barão do Triunfo,RS,-30.3891,-51.7384
Baraúna,RN,-5.06977,-37.6129
Baraúna,PB,-6.63484,-36.2601
Barbacena,MG,-21.2214,-43.7703
Barbalha,CE,-7.2982,-39.3021
Barbosa,SP,-21.2657,-49.9518
Barbosa Ferraz,PR,-24.0334,-52.004
Barcarena,PA,-1.51187,-48.6195
Barcelona,RN,-5.94284,-35.9247
Barcelos,AM,-0.983373,-62.9311
Bariri,SP,-22.073,-48.7438
Barra,BA,-11.0859,-43.1459
Barra Bonita,SC,-26.654,-53.44
Barra Bonita,SP,-22.4909,-48.5583
Barra D'Alcântara,PI,-6.51645,-42.1146
Barra da Estiva,BA,-13.6237,-41.3347
Barra de Guabiraba,PE,-8.42075,-35.6585
Barra de Santa Rosa,PB,-6.71816,-36.0671
Barra de Santana,PB,-7.51809,-35.9913
Barra de Santo Antônio,AL,-9.4023,-35.5101
Barra de São Francisco,ES,-18.7548,-40.8965
Barra de São Miguel,PB,-7.74603,-36.3209
Barra de São Miguel,AL,-9.83842,-35.9057
Barra do Bugres,MT,-15.0702,-57.1878
Barra do Chapéu,SP,-24.4722,-49.0238
Barra do Choça,BA,-14.8654,-40.5791
Barra do Corda,MA,-5.49682,-45.2485
Barra do Garças,MT,-15.8804,-52.264
Barra do Guarita,RS,-27.1927,-53.7109
Barra do Jacaré,PR,-23.116,-50.1842
Barra do Mendes,BA,-11.81,-42.059
Barra do Ouro,TO,-7.69593,-47.6776
Barra do Piraí,RJ,-22.4715,-43.8269
Barra do Quaraí,RS,-30.2029,-57.5497
Barra do Ribeiro,RS,-30.2939,-51.3014
Barra do Rio Azul,RS,-27.4069,-52.4084
Barra do Rocha,BA,-14.2,-39.5991
Barra do Turvo,SP,-24.759,-48.5013
Barra dos Coqueiros,SE,-10.8996,-37.0323
Barra Funda,RS,-27.9205,-53.0391
Barra Longa,MG,-20.2869,-43.0402
Barra Mansa,RJ,-22.5481,-44.1752
Barra Velha,SC,-26.637,-48.6933
Barracão,RS,-27.6739,-51.4585
Barracão,PR,-26.2502,-53.6324
Barras,PI,-4.24468,-42.2922
Barreira,CE,-4.28921,-38.6429
Barreiras,BA,-12.1439,-44.9968
Barreiras do Piauí,PI,-9.9296,-45.4702
Barreirinha,AM,-2.79886,-57.0679
Barreirinhas,MA,-2.75863,-42.8232
Barreiros,PE,-8.81605,-35.1832
Barretos,SP,-20.5531,-48.5698
Barrinha,SP,-21.1864,-48.1636
Barro,CE,-7.17188,-38.7741
Barro Alto,BA,-11.7605,-41.9054
Barro Alto,GO,-14.9658,-48.9086
Barro Duro,PI,-5.81673,-42.5147
Barro Preto,BA,-14.7948,-39.476
Barrocas,BA,-11.5272,-39.0776
Barrolândia,TO,-9.83404,-48.7252
Barroquinha,CE,-3.02051,-41.1358
Barros Cassal,RS,-29.0947,-52.5836
Barroso,MG,-21.1907,-43.972
Barueri,SP,-23.5057,-46.879
Bastos,SP,-21.921,-50.7357
Bataguassu,MS,-21.7159,-52.4221
Batalha,PI,-4.0223,-42.0787
Batalha,AL,-9.6742,-37.133
Batatais,SP,-20.8929,-47.5921
Batayporã,MS,-22.2944,-53.2705
Baturité,CE,-4.32598,-38.8812
Bauru,SP,-22.3246,-49.0871
Bayeux,PB,-7.1238,-34.9293
Bebedouro,SP,-20.9491,-48.4791
Beberibe,CE,-4.17741,-38.1271
Bela Cruz,CE,-3.04996,-40.1671
Bela Vista,MS,-22.1073,-56.5263
Bela Vista da Caroba,PR,-25.8842,-53.6725
Bela Vista de Goiás,GO,-16.9693,-48.9513
Bela Vista de Minas,MG,-19.8302,-43.0922
Bela Vista do Maranhão,MA,-3.72618,-45.3075
Bela Vista do Paraíso,PR,-22.9937,-51.1927
Bela Vista do Piauí,PI,-7.98809,-41.8675
Bela Vista do Toldo,SC,-26.2746,-50.4664
Belágua,MA,-3.15485,-43.5122
Belém,PA,-1.4554,-48.4898
Belém,PB,-6.74261,-35.5166
Belém,AL,-9.57047,-36.4904
Belém de Maria,PE,-8.62504,-35.8335
Belém do Brejo do Cruz,PB,-6.18515,-37.5348
Belém do Piauí,PI,-7.36652,-40.9688
Belém do São Francisco,PE,-8.75046,-38.9623
Belford Roxo,RJ,-22.764,-43.3992
Belmiro Braga,MG,-21.944,-43.4084
Belmonte,SC,-26.843,-53.5758
Belmonte,BA,-15.8608,-38.8758
Belo Campo,BA,-15.0334,-41.2652
Belo Horizonte,MG,-19.9102,-43.9266
Belo Jardim,PE,-8.3313,-36.4258
Belo Monte,AL,-9.82272,-37.277
Belo Oriente,MG,-19.2199,-42.4828
Belo Vale,MG,-20.4077,-44.0275
Belterra,PA,-2.63609,-54.9374
Beneditinos,PI,-5.45676,-42.3638
Benedito Leite,MA,-7.21037,-44.5577
Benedito Novo,SC,-26.781,-49.3593
Benevides,PA,-1.36183,-48.2434
Benjamin Constant,AM,-4.37768,-70.0342
Benjamin Constant do Sul,RS,-27.5086,-52.5995
Bento de Abreu,SP,-21.2686,-50.814
Bento Fernandes,RN,-5.69906,-35.813
Bento Gonçalves,RS,-29.1662,-51.5165
Bequimão,MA,-2.44162,-44.7842
Berilo,MG,-16.9567,-42.4606
Berizal,MG,-15.61,-41.7432
Bernardino Batista,PB,-6.44572,-38.5521
Bernardino de Campos,SP,-23.0164,-49.4679
Bernardo do Mearim,MA,-4.62666,-44.7608
Bernardo Sayão,TO,-7.87481,-48.8893
Bertioga,SP,-23.8486,-46.1396
Bertolínia,PI,-7.63338,-43.9498
Bertópolis,MG,-17.059,-40.58
Beruri,AM,-3.89874,-61.3616
Betânia,PE,-8.26787,-38.0345
Betânia do Piauí,PI,-8.14376,-40.7989
Betim,MG,-19.9668,-44.2008
Bezerros,PE,-8.2328,-35.796
Bias Fortes,MG,-21.602,-43.7574
Bicas,MG,-21.7232,-43.056
Biguaçu,SC,-27.496,-48.6598
Bilac,SP,-21.404,-50.4746
Biquinhas,MG,-18.7754,-45.4974
Birigui,SP,-21.291,-50.3432
Biritiba-Mirim,SP,-23.5698,-46.0407
Biritinga,BA,-11.6072,-38.8051
Bituruna,PR,-26.1607,-51.5518
Blumenau,SC,-26.9155,-49.0709
Boa Esperança,PR,-24.2467,-52.7876
Boa Esperança,MG,-21.0927,-45.5612
Boa Esperança,ES,-18.5395,-40.3025
Boa Esperança do Iguaçu,PR,-25.6324,-53.2108
Boa Esperança do Sul,SP,-21.9918,-48.3906
Boa Hora,PI,-4.41404,-42.1357
Boa Nova,BA,-14.3598,-40.2064
Boa Ventura,PB,-7.40982,-38.2113
Boa Ventura de São Roque,PR,-24.8688,-51.6276
Boa Viagem,CE,-5.11258,-39.7337
Boa Vista,RR,2.82384,-60.6753
Boa Vista,PB,-7.26365,-36.2357
Boa Vista da Aparecida,PR,-25.4308,-53.4117
Boa Vista das Missões,RS,-27.6671,-53.3102
Boa Vista do Buricá,RS,-27.6693,-54.1082
Boa Vista do Cadeado,RS,-28.5791,-53.8108
Boa Vista do Gurupi,MA,-1.77614,-46.3002
Boa Vista do Incra,RS,-28.8185,-53.391
Boa Vista do Ramos,AM,-2.97409,-57.5873
Boa Vista do Sul,RS,-29.3544,-51.6687
Boa Vista do Tupim,BA,-12.6498,-40.6064
Boca da Mata,AL,-9.64308,-36.2125
Boca do Acre,AM,-8.74232,-67.3919
Bocaina,PI,-6.94124,-41.3168
Bocaina,SP,-22.1365,-48.523
Bocaina de Minas,MG,-22.1697,-44.3972
Bocaina do Sul,SC,-27.7455,-49.9423
Bocaiúva,MG,-17.1135,-43.8104
Bocaiúva do Sul,PR,-25.2066,-49.1141
Bodó,RN,-5.98027,-36.4167
Bodocó,PE,-7.77759,-39.9338
Bodoquena,MS,-20.537,-56.7127
Bofete,SP,-23.1055,-48.2582
Boituva,SP,-23.2855,-47.6786
Bom Conselho,PE,-9.16919,-36.6857
Bom Despacho,MG,-19.7386,-45.2622
Bom Jardim,RJ,-22.1545,-42.4251
Bom Jardim,PE,-7.79695,-35.5784
Bom Jardim,MA,-3.54129,-45.606
Bom Jardim da Serra,SC,-28.3377,-49.6373
Bom Jardim de Goiás,GO,-16.2063,-52.1728
Bom Jardim de Minas,MG,-21.9479,-44.1885
Bom Jesus,SC,-26.7326,-52.3919
Bom Jesus,RS,-28.6697,-50.4295
Bom Jesus,PI,-9.07124,-44.359
Bom Jesus,RN,-5.98648,-35.5792
Bom Jesus,PB,-6.81601,-38.6453
Bom Jesus da Lapa,BA,-13.2506,-43.4108
Bom Jesus da Penha,MG,-21.0148,-46.5174
Bom Jesus da Serra,BA,-14.3663,-40.5126
Bom Jesus das Selvas,MA,-4.47638,-46.8641
Bom Jesus de Goiás,GO,-18.2173,-49.74
Bom Jesus do Amparo,MG,-19.7054,-43.4782
Bom Jesus do Araguaia,MT,-12.1706,-51.5032
Bom Jesus do Galho,MG,-19.836,-42.3165
Bom Jesus do Itabapoana,RJ,-21.1449,-41.6822
Bom Jesus do Norte,ES,-21.1173,-41.6731
Bom Jesus do Oeste,SC,-26.6927,-53.0967
Bom Jesus do Sul,PR,-26.1958,-53.5955
Bom Jesus do Tocantins,PA,-5.0424,-48.6047
Bom Jesus do Tocantins,TO,-8.96306,-48.165
Bom Jesus dos Perdões,SP,-23.1356,-46.4675
Bom Lugar,MA,-4.37311,-45.0326
Bom Princípio,RS,-29.4856,-51.3548
Bom Princípio do Piauí,PI,-3.19631,-41.6403
Bom Progresso,RS,-27.5399,-53.8716
Bom Repouso,MG,-22.4675,-46.144
Bom Retiro,SC,-27.799,-49.487
Bom Retiro do Sul,RS,-29.6071,-51.9456
Bom Sucesso,MG,-21.0329,-44.7537
Bom Sucesso,PR,-23.7063,-51.7671
Bom Sucesso,PB,-6.44176,-37.9234
Bom Sucesso de Itararé,SP,-24.3155,-49.1451
Bom Sucesso do Sul,PR,-26.0731,-52.8353
Bombinhas,SC,-27.1382,-48.5146
Bonfim,RR,3.36161,-59.8333
Bonfim,MG,-20.3302,-44.2366
Bonfim do Piauí,PI,-9.1605,-42.8865
Bonfinópolis,GO,-16.6173,-48.9616
Bonfinópolis de Minas,MG,-16.568,-45.9839
Boninal,BA,-12.7069,-41.8286
Bonito,PE,-8.47163,-35.7292
Bonito,BA,-11.9668,-41.2647
Bonito,PA,-1.36745,-47.3066
Bonito,MS,-21.1261,-56.4836
Bonito de Minas,MG,-15.3231,-44.7543
Bonito de Santa Fé,PB,-7.31341,-38.5133
Bonópolis,GO,-13.6329,-49.8106
Boqueirão,PB,-7.487,-36.1309
Boqueirão do Leão,RS,-29.3046,-52.4284
Boqueirão do Piauí,PI,-4.48181,-42.1212
Boquim,SE,-11.1397,-37.6195
Boquira,BA,-12.8205,-42.7324
Borá,SP,-22.2696,-50.5409
Boracéia,SP,-22.1926,-48.7808
Borba,AM,-4.39154,-59.5874
Borborema,PB,-6.80199,-35.6187
Borborema,SP,-21.6214,-49.0741
Borda da Mata,MG,-22.2707,-46.1653
Borebi,SP,-22.5728,-48.9707
Borrazópolis,PR,-23.9366,-51.5875
Bossoroca,RS,-28.7291,-54.9035
Botelhos,MG,-21.6412,-46.391
Botucatu,SP,-22.8837,-48.4437
Botumirim,MG,-16.8657,-43.0086
Botuporã,BA,-13.3772,-42.5163
Botuverá,SC,-27.2007,-49.0689
Bozano,RS,-28.3659,-53.772
Braço do Norte,SC,-28.2681,-49.1701
Braço do Trombudo,SC,-27.3586,-49.8821
Braga,RS,-27.6173,-53.7405
Bragança,PA,-1.06126,-46.7826
Bragança Paulista,SP,-22.9527,-46.5419
Braganey,PR,-24.8173,-53.1218
Branquinha,AL,-9.23342,-36.0162
Brás Pires,MG,-20.8419,-43.2406
Brasil Novo,PA,-3.29792,-52.534
Brasilândia,MS,-21.2544,-52.0365
Brasilândia de Minas,MG,-16.9999,-46.0081
Brasilândia do Sul,PR,-24.1978,-53.5275
Brasilândia do Tocantins,TO,-8.38918,-48.4822
Brasiléia,AC,-10.995,-68.7497
Brasileira,PI,-4.1337,-41.7859
Brasília,DF,-15.7795,-47.9297
Brasília de Minas,MG,-16.2104,-44.4299
Brasnorte,MT,-12.1474,-57.9833
Braúna,SP,-21.499,-50.3175
Braúnas,MG,-19.0562,-42.7099
Brazabrantes,GO,-16.4281,-49.3863
Brazópolis,MG,-22.4743,-45.6166
Brejão,PE,-9.02915,-36.566
Brejetuba,ES,-20.1395,-41.2954
Brejinho,RN,-6.18566,-35.3591
Brejinho,PE,-7.34694,-37.2865
Brejinho de Nazaré,TO,-11.0058,-48.5683
Brejo,MA,-3.67796,-42.7527
Brejo Alegre,SP,-21.1651,-50.1861
Brejo da Madre de Deus,PE,-8.14933,-36.3741
Brejo de Areia,MA,-4.334,-45.581
Brejo do Cruz,PB,-6.34185,-37.4943
Brejo do Piauí,PI,-8.20314,-42.8229
Brejo dos Santos,PB,-6.37065,-37.8253
Brejo Grande,SE,-10.4297,-36.4611
Brejo Grande do Araguaia,PA,-5.69822,-48.4103
Brejo Santo,CE,-7.48469,-38.9799
Brejões,BA,-13.1039,-39.7988
Brejolândia,BA,-12.4815,-43.9679
Breu Branco,PA,-3.77191,-49.5735
Breves,PA,-1.68036,-50.4791
Britânia,GO,-15.2428,-51.1602
Brochier,RS,-29.5501,-51.5945
Brodowski,SP,-20.9845,-47.6572
Brotas,SP,-22.2795,-48.1251
Brotas de Macaúbas,BA,-11.9915,-42.6326
Brumadinho,MG,-20.151,-44.2007
Brumado,BA,-14.2021,-41.6696
Brunópolis,SC,-27.3058,-50.8684
Brusque,SC,-27.0977,-48.9107
Bueno Brandão,MG,-22.4383,-46.3491
Buenópolis,MG,-17.8744,-44.1775
Buenos Aires,PE,-7.72449,-35.3182
Buerarema,BA,-14.9595,-39.3028
Bugre,MG,-19.4231,-42.2552
Buíque,PE,-8.61954,-37.1606
Bujari,AC,-9.81528,-67.955
Bujaru,PA,-1.51762,-48.0381
Buri,SP,-23.7977,-48.5958
Buritama,SP,-21.0661,-50.1475
Buriti,MA,-3.94169,-42.9179
Buriti Alegre,GO,-18.1378,-49.0404
Buriti Bravo,MA,-5.83239,-43.8353
Buriti de Goiás,GO,-16.1792,-50.4302
Buriti do Tocantins,TO,-5.31448,-48.2271
Buriti dos Lopes,PI,-3.18259,-41.8695
Buriti dos Montes,PI,-5.30584,-41.0933
Buriticupu,MA,-4.32375,-46.4409
Buritinópolis,GO,-14.4772,-46.4076
Buritirama,BA,-10.7171,-43.6302
Buritirana,MA,-5.59823,-47.0131
Buritis,RO,-10.1943,-63.8324
Buritis,MG,-15.6218,-46.4221
Buritizal,SP,-20.1911,-47.7096
Buritizeiro,MG,-17.3656,-44.9606
Butiá,RS,-30.1179,-51.9601
Caapiranga,AM,-3.31537,-61.2206
Caaporã,PB,-7.51351,-34.9055
Caarapó,MS,-22.6368,-54.8209
Caatiba,BA,-14.9699,-40.4092
Cabaceiras,PB,-7.48899,-36.287
Cabaceiras do Paraguaçu,BA,-12.5317,-39.1902
Cabeceira Grande,MG,-16.0335,-47.0862
Cabeceiras,GO,-15.7995,-46.9265
Cabeceiras do Piauí,PI,-4.4773,-42.3069
Cabedelo,PB,-6.98731,-34.8284
Cabixi,RO,-13.4945,-60.552
Cabo de Santo Agostinho,PE,-8.28218,-35.0253
Cabo Frio,RJ,-22.8894,-42.0286
Cabo Verde,MG,-21.4699,-46.3919
Cabrália Paulista,SP,-22.4576,-49.3393
Cabreúva,SP,-23.3053,-47.1362
Cabrobó,PE,-8.50548,-39.3094
Caçador,SC,-26.7757,-51.012
Caçapava,SP,-23.0992,-45.7076
Caçapava do Sul,RS,-30.5144,-53.4827
Cacaulândia,RO,-10.349,-62.9043
Cacequi,RS,-29.8883,-54.822
Cáceres,MT,-16.0764,-57.6818
Cachoeira,BA,-12.5994,-38.9587
Cachoeira Alta,GO,-18.7618,-50.9432
Cachoeira da Prata,MG,-19.521,-44.4544
Cachoeira de Goiás,GO,-16.6635,-50.646
Cachoeira de Minas,MG,-22.3511,-45.7809
Cachoeira de Pajeú,MG,-15.9688,-41.4948
Cachoeira do Arari,PA,-1.01226,-48.9503
Cachoeira do Piriá,PA,-1.75974,-46.5459
Cachoeira do Sul,RS,-30.033,-52.8928
Cachoeira dos Índios,PB,-6.91353,-38.676
Cachoeira Dourada,GO,-18.4859,-49.4766
Cachoeira Dourada,MG,-18.5161,-49.5039
Cachoeira Grande,MA,-2.93074,-44.0528
Cachoeira Paulista,SP,-22.6665,-45.0154
Cachoeiras de Macacu,RJ,-22.4658,-42.6523
Cachoeirinha,TO,-6.1156,-47.9234
Cachoeirinha,PE,-8.48668,-36.2402
Cachoeirinha,RS,-29.9472,-51.1016
Cachoeiro de Itapemirim,ES,-20.8462,-41.1198
Cacimba de Areia,PB,-7.12128,-37.1563
Cacimba de Dentro,PB,-6.6386,-35.7778
Cacimbas,PB,-7.20721,-37.0604
Cacimbinhas,AL,-9.40121,-36.9911
Cacique Doble,RS,-27.767,-51.6597
Cacoal,RO,-11.4343,-61.4562
Caconde,SP,-21.528,-46.6437
Caçu,GO,-18.5594,-51.1328
Caculé,BA,-14.5003,-42.2229
Caém,BA,-11.0677,-40.432
Caetanópolis,MG,-19.2971,-44.4189
Caetanos,BA,-14.3347,-40.9175
Caeté,MG,-19.8826,-43.6704
Caetés,PE,-8.7803,-36.6268
Caetité,BA,-14.0684,-42.4861
Cafarnaum,BA,-11.6914,-41.4688
Cafeara,PR,-22.789,-51.7142
Cafelândia,SP,-21.8031,-49.6092
Cafelândia,PR,-24.6189,-53.3207
Cafezal do Sul,PR,-23.9005,-53.5124
Caiabu,SP,-22.0127,-51.2394
Caiana,MG,-20.6956,-41.9292
Caiapônia,GO,-16.9539,-51.8091
Caibaté,RS,-28.2905,-54.6454
Caibi,SC,-27.0741,-53.2458
Caiçara,RS,-27.2791,-53.4257
Caiçara,PB,-6.62115,-35.4581
Caiçara do Norte,RN,-5.07091,-36.0717
Caiçara do Rio do Vento,RN,-5.76541,-35.9938
Caicó,RN,-6.45441,-37.1067
Caieiras,SP,-23.3607,-46.7397
Cairu,BA,-13.4904,-39.0465
Caiuá,SP,-21.8322,-51.9969
Cajamar,SP,-23.355,-46.8781
Cajapió,MA,-2.87326,-44.6741
Cajari,MA,-3.32742,-45.0145
Cajati,SP,-24.7324,-48.1223
Cajazeiras,PB,-6.88004,-38.5577
Cajazeiras do Piauí,PI,-6.79667,-42.3903
Cajazeirinhas,PB,-6.96016,-37.8009
Cajobi,SP,-20.8773,-48.8063
Cajueiro,AL,-9.3994,-36.1559
Cajueiro da Praia,PI,-2.93111,-41.3408
Cajuri,MG,-20.7903,-42.7925
Cajuru,SP,-21.2749,-47.303
Calçado,PE,-8.73108,-36.3366
Calçoene,AP,2.50475,-50.9512
Caldas,MG,-21.9183,-46.3843
Caldas Brandão,PB,-7.1025,-35.3272
Caldas Novas,GO,-17.7441,-48.6246
Caldazinha,GO,-16.7117,-49.0013
Caldeirão Grande,BA,-11.0208,-40.2956
Caldeirão Grande do Piauí,PI,-7.3314,-40.6366
Califórnia,PR,-23.6566,-51.3574
Calmon,SC,-26.5942,-51.095
Calumbi,PE,-7.93551,-38.1482
Camacan,BA,-15.4142,-39.4919
Camaçari,BA,-12.6996,-38.3263
Camacho,MG,-20.6294,-45.1593
Camalaú,PB,-7.88503,-36.8242
Camamu,BA,-13.9398,-39.1071
Camanducaia,MG,-22.7515,-46.1494
Camapuã,MS,-19.5347,-54.0431
Camaquã,RS,-30.8489,-51.8043
Camaragibe,PE,-8.02351,-34.9782
Camargo,RS,-28.588,-52.2003
Cambará,PR,-23.0423,-50.0753
Cambará do Sul,RS,-29.0474,-50.1465
Cambé,PR,-23.2766,-51.2798
Cambira,PR,-23.589,-51.5792
Camboriú,SC,-27.0241,-48.6503
Cambuci,RJ,-21.5691,-41.9187
Cambuí,MG,-22.6115,-46.0572
Cambuquira,MG,-21.854,-45.2896
Cametá,PA,-2.24295,-49.4979
Camocim,CE,-2.9005,-40.8544
Camocim de São Félix,PE,-8.35865,-35.7653
Campanário,MG,-18.2427,-41.7355
Campanha,MG,-21.836,-45.4004
Campestre,MG,-21.7079,-46.2381
Campestre,AL,-8.84723,-35.5685
Campestre da Serra,RS,-28.7926,-51.0941
Campestre de Goiás,GO,-16.7624,-49.695
Campestre do Maranhão,MA,-6.17075,-47.3625
Campina da Lagoa,PR,-24.5893,-52.7976
Campina das Missões,RS,-27.9888,-54.8416
Campina do Monte Alegre,SP,-23.5895,-48.4758
Campina do Simão,PR,-25.0802,-51.8237
Campina Grande,PB,-7.22196,-35.8731
Campina Grande do Sul,PR,-25.3044,-49.0551
Campina Verde,MG,-19.5382,-49.4862
Campinaçu,GO,-13.787,-48.5704
Campinápolis,MT,-14.5162,-52.893
Campinas,SP,-22.9053,-47.0659
Campinas do Piauí,PI,-7.6593,-41.8775
Campinas do Sul,RS,-27.7174,-52.6248
Campinorte,GO,-14.3137,-49.1511
Campo Alegre,SC,-26.195,-49.2676
Campo Alegre,AL,-9.78451,-36.3525
Campo Alegre de Goiás,GO,-17.6363,-47.7768
Campo Alegre de Lourdes,BA,-9.52221,-43.0126
Campo Alegre do Fidalgo,PI,-8.38236,-41.8344
Campo Azul,MG,-16.5028,-44.8096
Campo Belo,MG,-20.8932,-45.2699
Campo Belo do Sul,SC,-27.8975,-50.7595
Campo Bom,RS,-29.6747,-51.0606
Campo Bonito,PR,-25.0294,-52.9939
Campo do Brito,SE,-10.7392,-37.4954
Campo do Meio,MG,-21.1127,-45.8273
Campo do Tenente,PR,-25.98,-49.6844
Campo Erê,SC,-26.3931,-53.0856
Campo Florido,MG,-19.7631,-48.5716
Campo Formoso,BA,-10.5105,-40.32
Campo Grande,AL,-9.95542,-36.7926
Campo Grande,MS,-20.4486,-54.6295
Campo Grande do Piauí,PI,-7.12827,-41.0315
Campo Largo,PR,-25.4525,-49.529
Campo Largo do Piauí,PI,-3.80441,-42.64
Campo Limpo de Goiás,GO,-16.2971,-49.0895
Campo Limpo Paulista,SP,-23.2078,-46.7889
Campo Magro,PR,-25.3687,-49.4501
Campo Maior,PI,-4.8217,-42.1641
Campo Mourão,PR,-24.0463,-52.378
Campo Novo,RS,-27.6792,-53.8052
Campo Novo de Rondônia,RO,-10.5712,-63.6266
Campo Novo do Parecis,MT,-13.6587,-57.8907
Campo Redondo,RN,-6.23829,-36.1888
Campo Verde,MT,-15.545,-55.1626
Campos Altos,MG,-19.6914,-46.1725
Campos Belos,GO,-13.035,-46.7681
Campos Borges,RS,-28.8871,-53.0008
Campos de Júlio,MT,-13.7242,-59.2858
Campos do Jordão,SP,-22.7296,-45.5833
Campos dos Goytacazes,RJ,-21.7622,-41.3181
Campos Gerais,MG,-21.237,-45.7569
Campos Lindos,TO,-7.98956,-46.8645
Campos Novos,SC,-27.4002,-51.2276
Campos Novos Paulista,SP,-22.602,-49.9987
Campos Sales,CE,-7.06761,-40.3687
Campos Verdes,GO,-14.2442,-49.6528
Camutanga,PE,-7.40545,-35.2664
Cana Verde,MG,-21.0232,-45.1801
Canaã,MG,-20.6869,-42.6167
Canaã dos Carajás,PA,-6.49659,-49.8776
Canabrava do Norte,MT,-11.0556,-51.8209
Cananéia,SP,-25.0144,-47.9341
Canapi,AL,-9.11932,-37.5967
Canápolis,BA,-13.0725,-44.201
Canápolis,MG,-18.7212,-49.2035
Canarana,BA,-11.6858,-41.7677
Canarana,MT,-13.5515,-52.2705
Canas,SP,-22.7003,-45.0521
Canavieira,PI,-7.68821,-43.7233
Canavieiras,BA,-15.6722,-38.9536
Candeal,BA,-11.8049,-39.1203
Candeias,BA,-12.6716,-38.5472
Candeias,MG,-20.7692,-45.2765
Candeias do Jamari,RO,-8.7907,-63.7005
Candelária,RS,-29.6684,-52.7895
Candiba,BA,-14.4097,-42.8667
Cândido de Abreu,PR,-24.5649,-51.3372
Cândido Godói,RS,-27.9515,-54.7517
Cândido Mendes,MA,-1.43265,-45.7161
Cândido Mota,SP,-22.7471,-50.3873
Cândido Rodrigues,SP,-21.3275,-48.6327
Cândido Sales,BA,-15.4993,-41.2414
Candiota,RS,-31.5516,-53.6773
Candói,PR,-25.5758,-52.0409
Canela,RS,-29.356,-50.8119
Canelinha,SC,-27.2616,-48.7658
Canguaretama,RN,-6.37193,-35.1281
Canguçu,RS,-31.396,-52.6783
Canhoba,SE,-10.1365,-36.9806
Canhotinho,PE,-8.87652,-36.1979
Canindé,CE,-4.35162,-39.3155
Canindé de São Francisco,SE,-9.64882,-37.7923
Canitar,SP,-23.004,-49.7839
Canoas,RS,-29.9128,-51.1857
Canoinhas,SC,-26.1766,-50.395
Cansanção,BA,-10.6647,-39.4944
Cantá,RR,2.60994,-60.6058
Cantagalo,RJ,-21.9797,-42.3664
Cantagalo,PR,-25.3734,-52.1198
Cantagalo,MG,-18.5248,-42.6223
Cantanhede,MA,-3.63757,-44.383
Canto do Buriti,PI,-8.1111,-42.9517
Canudos,BA,-9.90014,-39.1471
Canudos do Vale,RS,-29.3271,-52.2374
Canutama,AM,-6.52582,-64.3953
Capanema,PA,-1.20529,-47.1778
Capanema,PR,-25.6691,-53.8055
Capão Alto,SC,-27.9389,-50.5098
Capão Bonito,SP,-24.0113,-48.3482
Capão Bonito do Sul,RS,-28.1254,-51.3961
Capão da Canoa,RS,-29.7642,-50.0282
Capão do Cipó,RS,-28.9312,-54.5558
Capão do Leão,RS,-31.7565,-52.4889
Caparaó,MG,-20.5289,-41.9061
Capela,AL,-9.41504,-36.0826
Capela,SE,-10.5069,-37.0628
Capela de Santana,RS,-29.6961,-51.328
Capela do Alto,SP,-23.4685,-47.7388
Capela do Alto Alegre,BA,-11.6658,-39.8349
Capela Nova,MG,-20.9179,-43.622
Capelinha,MG,-17.6888,-42.5147
Capetinga,MG,-20.6163,-47.0571
Capim,PB,-6.91624,-35.1673
Capim Branco,MG,-19.5471,-44.1304
Capim Grosso,BA,-11.3797,-40.0089
Capinópolis,MG,-18.6862,-49.5706
Capinzal,SC,-27.3473,-51.6057
Capinzal do Norte,MA,-4.7236,-44.328
Capistrano,CE,-4.45569,-38.9048
Capitão,RS,-29.2674,-51.9853
Capitão Andrade,MG,-19.0748,-41.8614
Capitão de Campos,PI,-4.457,-41.944
Capitão Enéas,MG,-16.3265,-43.7084
Capitão Gervásio Oliveira,PI,-8.49655,-41.814
Capitão Leônidas Marques,PR,-25.4816,-53.6112
Capitão Poço,PA,-1.74785,-47.0629
Capitólio,MG,-20.6164,-46.0493
Capivari,SP,-22.9951,-47.5071
Capivari de Baixo,SC,-28.4498,-48.9631
Capivari do Sul,RS,-30.1383,-50.5152
Capixaba,AC,-10.566,-67.686
Capoeiras,PE,-8.73423,-36.6306
Caputira,MG,-20.1703,-42.2683
Caraá,RS,-29.7869,-50.4316
Caracaraí,RR,1.82766,-61.1304
Caracol,PI,-9.27933,-43.329
Caracol,MS,-22.011,-57.0277
Caraguatatuba,SP,-23.6125,-45.4125
Caraí,MG,-17.1862,-41.7004
Caraíbas,BA,-14.7177,-41.2603
Carambeí,PR,-24.9152,-50.0986
Caranaíba,MG,-20.8707,-43.7417
Carandaí,MG,-20.9566,-43.811
Carangola,MG,-20.7343,-42.0313
Carapebus,RJ,-22.1821,-41.663
Carapicuíba,SP,-23.5235,-46.8407
Caratinga,MG,-19.7868,-42.1292
Carauari,AM,-4.88161,-66.9086
Caraúbas,RN,-5.78387,-37.5586
Caraúbas,PB,-7.72049,-36.492
Caraúbas do Piauí,PI,-3.47525,-41.8425
Caravelas,BA,-17.7268,-39.2597
Carazinho,RS,-28.2958,-52.7933
Carbonita,MG,-17.5255,-43.0137
Cardeal da Silva,BA,-11.9472,-37.9469
Cardoso,SP,-20.08,-49.9183
Cardoso Moreira,RJ,-21.4846,-41.6165
Careaçu,MG,-22.0424,-45.696
Careiro,AM,-3.76803,-60.369
Careiro da Várzea,AM,-3.314,-59.5557
Cariacica,ES,-20.2632,-40.4165
Caridade,CE,-4.22514,-39.1912
Caridade do Piauí,PI,-7.73435,-40.9848
Carinhanha,BA,-14.2985,-43.7724
Carira,SE,-10.3524,-37.7002
Cariré,CE,-3.94858,-40.476
Cariri do Tocantins,TO,-11.8881,-49.1609
Caririaçu,CE,-7.02808,-39.2828
Cariús,CE,-6.52428,-39.4916
Carlinda,MT,-9.94912,-55.8417
Carlópolis,PR,-23.4269,-49.7235
Carlos Barbosa,RS,-29.2969,-51.5028
Carlos Chagas,MG,-17.6973,-40.7723
Carlos Gomes,RS,-27.7167,-51.9121
Carmésia,MG,-19.0877,-43.1382
Carmo,RJ,-21.931,-42.6046
Carmo da Cachoeira,MG,-21.4633,-45.2201
Carmo da Mata,MG,-20.5575,-44.8735
Carmo de Minas,MG,-22.1204,-45.1307
Carmo do Cajuru,MG,-20.1912,-44.7664
Carmo do Paranaíba,MG,-18.991,-46.3167
Carmo do Rio Claro,MG,-20.9736,-46.1149
Carmo do Rio Verde,GO,-15.3549,-49.708
Carmolândia,TO,-7.03262,-48.3978
Carmópolis,SE,-10.6449,-36.9887
Carmópolis de Minas,MG,-20.5396,-44.6336
Carnaíba,PE,-7.79342,-37.7946
Carnaúba dos Dantas,RN,-6.55015,-36.5868
Carnaubais,RN,-5.34181,-36.8335
Carnaubal,CE,-4.15985,-40.9413
Carnaubeira da Penha,PE,-8.31799,-38.7512
Carneirinho,MG,-19.6987,-50.6894
Carneiros,AL,-9.48476,-37.3773
Caroebe,RR,0.884203,-59.6959
Carolina,MA,-7.33584,-47.4634
Carpina,PE,-7.84566,-35.2514
Carrancas,MG,-21.4898,-44.6446
Carrapateira,PB,-7.03414,-38.3399
Carrasco Bonito,TO,-5.31415,-48.0314
Caruaru,PE,-8.28455,-35.9699
Carutapera,MA,-1.19696,-46.0085
Carvalhópolis,MG,-21.7735,-45.8421
Carvalhos,MG,-22.0,-44.4632
Casa Branca,SP,-21.7708,-47.0852
Casa Grande,MG,-20.7925,-43.9343
Casa Nova,BA,-9.16408,-40.974
Casca,RS,-28.5605,-51.9815
Cascalho Rico,MG,-18.5772,-47.8716
Cascavel,PR,-24.9573,-53.459
Cascavel,CE,-4.12967,-38.2412
Caseara,TO,-9.27612,-49.9521
Caseiros,RS,-28.2582,-51.6861
Casimiro de Abreu,RJ,-22.4812,-42.2066
Casinhas,PE,-7.74084,-35.7206
Casserengue,PB,-6.77954,-35.8179
Cássia,MG,-20.5831,-46.9201
Cássia dos Coqueiros,SP,-21.2801,-47.1643
Cassilândia,MS,-19.1179,-51.7313
Castanhal,PA,-1.29797,-47.9167
Castanheira,MT,-11.1251,-58.6081
Castanheiras,RO,-11.4253,-61.9482
Castelândia,GO,-18.0921,-50.203
Castelo,ES,-20.6033,-41.2031
Castelo do Piauí,PI,-5.31869,-41.5499
Castilho,SP,-20.8689,-51.4884
Castro,PR,-24.7891,-50.0108
Castro Alves,BA,-12.7579,-39.4248
Cataguases,MG,-21.3924,-42.6896
Catalão,GO,-18.1656,-47.944
Catanduva,SP,-21.1314,-48.977
Catanduvas,PR,-25.2044,-53.1548
Catanduvas,SC,-27.069,-51.6602
Catarina,CE,-6.12291,-39.8736
Catas Altas,MG,-20.0734,-43.4061
Catas Altas da Noruega,MG,-20.6901,-43.4939
Catende,PE,-8.67509,-35.7024
Catiguá,SP,-21.0519,-49.0616
Catingueira,PB,-7.12008,-37.6064
Catolândia,BA,-12.31,-44.8648
Catolé do Rocha,PB,-6.34062,-37.747
Catu,BA,-12.3513,-38.3791
Catuípe,RS,-28.2554,-54.0132
Catuji,MG,-17.3018,-41.5276
Catunda,CE,-4.64336,-40.2
Caturaí,GO,-16.4447,-49.4936
Caturama,BA,-13.3239,-42.2904
Caturité,PB,-7.41659,-36.0306
Catuti,MG,-15.3616,-42.9627
Caucaia,CE,-3.72797,-38.6619
Cavalcante,GO,-13.7976,-47.4566
Caxambu,MG,-21.9753,-44.9319
Caxambu do Sul,SC,-27.1624,-52.8807
Caxias,MA,-4.86505,-43.3617
Caxias do Sul,RS,-29.1629,-51.1792
Caxingó,PI,-3.41904,-41.8955
Ceará-Mirim,RN,-5.64323,-35.4247
Cedral,MA,-2.00027,-44.5281
Cedral,SP,-20.9009,-49.2664
Cedro,CE,-6.60034,-39.0609
Cedro,PE,-7.71179,-39.2367
Cedro de São João,SE,-10.2534,-36.8856
Cedro do Abaeté,MG,-19.1458,-45.712
Celso Ramos,SC,-27.6327,-51.335
Centenário,RS,-27.7615,-51.9984
Centenário,TO,-8.96103,-47.3304
Centenário do Sul,PR,-22.8188,-51.5973
Central,BA,-11.1376,-42.1116
Central de Minas,MG,-18.7612,-41.3143
Central do Maranhão,MA,-2.19831,-44.8254
Centralina,MG,-18.5852,-49.2014
Centro do Guilherme,MA,-2.44891,-46.0345
Centro Novo do Maranhão,MA,-2.12696,-46.1228
Cerejeiras,RO,-13.187,-60.8168
Ceres,GO,-15.3061,-49.6
Cerqueira César,SP,-23.038,-49.1655
Cerquilho,SP,-23.1665,-47.7459
Cerrito,RS,-31.8419,-52.8004
Cerro Azul,PR,-26.0891,-52.8691
Cerro Branco,RS,-29.657,-52.9406
Cerro Corá,RN,-6.03503,-36.3503
Cerro Grande,RS,-27.6106,-53.1672
Cerro Grande do Sul,RS,-30.5905,-51.7418
Cerro Largo,RS,-28.1463,-54.7428
Cerro Negro,SC,-27.7942,-50.8673
Cesário Lange,SP,-23.226,-47.9545
Céu Azul,PR,-25.1489,-53.8415
Cezarina,GO,-16.9718,-49.7758
Chã de Alegria,PE,-8.00679,-35.204
Chã Grande,PE,-8.23827,-35.4571
Chã Preta,AL,-9.2556,-36.2983
Chácara,MG,-21.6733,-43.215
Chalé,MG,-20.0453,-41.6897
Chapada,RS,-28.0559,-53.0665
Chapada da Natividade,TO,-11.6175,-47.7486
Chapada de Areia,TO,-10.1419,-49.1403
Chapada do Norte,MG,-17.0881,-42.5392
Chapada dos Guimarães,MT,-15.4643,-55.7499
Chapada Gaúcha,MG,-15.3014,-45.6116
Chapadão do Céu,GO,-18.4073,-52.549
Chapadão do Lageado,SC,-27.5905,-49.5539
Chapadão do Sul,MS,-18.788,-52.6263
Chapadinha,MA,-3.73875,-43.3538
Chapecó,SC,-27.1004,-52.6152
Charqueada,SP,-22.5096,-47.7755
Charqueadas,RS,-29.9625,-51.6289
Charrua,RS,-27.9493,-52.015
Chaval,CE,-3.03571,-41.2435
Chavantes,SP,-23.0366,-49.7096
Chaves,PA,-0.164154,-49.987
Chiador,MG,-21.9996,-43.0617
Chiapetta,RS,-27.923,-53.9419
Chopinzinho,PR,-25.8515,-52.5173
Choró,CE,-4.83906,-39.1344
Chorozinho,CE,-4.28873,-38.4986
Chorrochó,BA,-8.9695,-39.0979
Chuí,RS,-33.6866,-53.4594
Chupinguaia,RO,-12.5611,-60.8877
Chuvisca,RS,-30.7504,-51.9737
Cianorte,PR,-23.6599,-52.6054
Cícero Dantas,BA,-10.5897,-38.3794
Cidade Gaúcha,PR,-23.3772,-52.9436
Cidade Ocidental,GO,-16.0765,-47.9252
Cidelândia,MA,-5.17465,-47.7781
Cidreira,RS,-30.1604,-50.2337
Cipó,BA,-11.1032,-38.5179
Cipotânea,MG,-20.9026,-43.3629
Ciríaco,RS,-28.3419,-51.8741
Claraval,MG,-20.397,-47.2768
Claro dos Poções,MG,-17.082,-44.2061
Cláudia,MT,-11.5075,-54.8835
Cláudio,MG,-20.4437,-44.7673
Clementina,SP,-21.5604,-50.4525
Clevelândia,PR,-26.4043,-52.3508
Coaraci,BA,-14.637,-39.5556
Coari,AM,-4.09412,-63.1441
Cocal,PI,-3.47279,-41.5546
Cocal de Telha,PI,-4.5571,-41.9587
Cocal do Sul,SC,-28.5986,-49.3335
Cocal dos Alves,PI,-3.62047,-41.4402
Cocalinho,MT,-14.3903,-51.0001
Cocalzinho de Goiás,GO,-15.7914,-48.7747
Cocos,BA,-14.1814,-44.5352
Codajás,AM,-3.83053,-62.0658
Codó,MA,-4.45562,-43.8924
Coelho Neto,MA,-4.25245,-43.0108
Coimbra,MG,-20.8535,-42.8008
Coité do Nóia,AL,-9.63348,-36.5845
Coivaras,PI,-5.09224,-42.208
Colares,PA,-0.936423,-48.2803
Colatina,ES,-19.5493,-40.6269
Colíder,MT,-10.8135,-55.461
Colina,SP,-20.7114,-48.5387
Colinas,RS,-29.3948,-51.8556
Colinas,MA,-6.03199,-44.2543
Colinas do Sul,GO,-14.1528,-48.076
Colinas do Tocantins,TO,-8.05764,-48.4757
Colméia,TO,-8.72463,-48.7638
Colniza,MT,-9.46121,-59.2252
Colômbia,SP,-20.1768,-48.6865
Colombo,PR,-25.2925,-49.2262
Colônia do Gurguéia,PI,-8.1837,-43.794
Colônia do Piauí,PI,-7.22651,-42.1756
Colônia Leopoldina,AL,-8.91806,-35.7214
Colorado,RS,-28.5258,-52.9928
Colorado,PR,-22.8374,-51.9743
Colorado do Oeste,RO,-13.1174,-60.5454
Coluna,MG,-18.2311,-42.8352
Combinado,TO,-12.7917,-46.5388
Comendador Gomes,MG,-19.6973,-49.0789
Comendador Levy Gasparian,RJ,-22.0404,-43.214
Comercinho,MG,-16.2963,-41.7945
Comodoro,MT,-13.6614,-59.7848
Conceição,PB,-7.55106,-38.5014
Conceição da Aparecida,MG,-21.096,-46.2049
Conceição da Barra,ES,-18.5883,-39.7362
Conceição da Barra de Minas,MG,-21.1316,-44.4729
Conceição da Feira,BA,-12.5078,-38.9978
Conceição das Alagoas,MG,-19.9172,-48.3839
Conceição das Pedras,MG,-22.1576,-45.4562
Conceição de Ipanema,MG,-19.9326,-41.6908
Conceição de Macabu,RJ,-22.0834,-41.8719
Conceição do Almeida,BA,-12.7836,-39.1715
Conceição do Araguaia,PA,-8.26136,-49.2689
Conceição do Canindé,PI,-7.87638,-41.5942
Conceição do Castelo,ES,-20.3639,-41.2417
Conceição do Coité,BA,-11.56,-39.2808
Conceição do Jacuípe,BA,-12.3268,-38.7684
Conceição do Lago-Açu,MA,-3.85142,-44.8895
Conceição do Mato Dentro,MG,-19.0344,-43.4221
Conceição do Pará,MG,-19.7456,-44.8945
Conceição do Rio Verde,MG,-21.8778,-45.087
Conceição do Tocantins,TO,-12.2209,-47.2951
Conceição dos Ouros,MG,-22.4078,-45.7996
Conchal,SP,-22.3375,-47.1729
Conchas,SP,-23.0154,-48.0134
Concórdia,SC,-27.2335,-52.026
Concórdia do Pará,PA,-1.99238,-47.9422
Condado,PB,-6.89831,-37.606
Condado,PE,-7.58787,-35.0999
Conde,PB,-7.25746,-34.8999
Conde,BA,-11.8179,-37.6131
Condeúba,BA,-14.9022,-41.9718
Condor,RS,-28.2075,-53.4905
Cônego Marinho,MG,-15.2892,-44.4181
Confins,MG,-19.6282,-43.9931
Confresa,MT,-10.6437,-51.5699
Congo,PB,-7.79078,-36.6581
Congonhal,MG,-22.1488,-46.043
Congonhas,MG,-20.4958,-43.851
Congonhas do Norte,MG,-18.8021,-43.6767
Congonhinhas,PR,-23.5493,-50.5569
Conquista,MG,-19.9312,-47.5492
Conquista D'Oeste,MT,-14.5381,-59.5444
Conselheiro Lafaiete,MG,-20.6634,-43.7846
Conselheiro Mairinck,PR,-23.623,-50.1707
Conselheiro Pena,MG,-19.1789,-41.4736
Consolação,MG,-22.5493,-45.9255
Constantina,RS,-27.732,-52.9938
Contagem,MG,-19.9321,-44.0539
Contenda,PR,-25.6788,-49.535
Contendas do Sincorá,BA,-13.7537,-41.048
Coqueiral,MG,-21.1858,-45.4366
Coqueiro Baixo,RS,-29.1802,-52.0942
Coqueiro Seco,AL,-9.63715,-35.7994
Coqueiros do Sul,RS,-28.1194,-52.7842
Coração de Jesus,MG,-16.6841,-44.3635
Coração de Maria,BA,-12.2333,-38.7487
Corbélia,PR,-24.7971,-53.3006
Cordeiro,RJ,-22.0267,-42.3648
Cordeirópolis,SP,-22.4778,-47.4519
Cordeiros,BA,-15.0356,-41.9308
Cordilheira Alta,SC,-26.9844,-52.6056
Cordisburgo,MG,-19.1224,-44.3224
Cordislândia,MG,-21.7891,-45.6999
Coreaú,CE,-3.5415,-40.6587
Coremas,PB,-7.00712,-37.9346
Corguinho,MS,-19.8243,-54.8281
Coribe,BA,-13.8232,-44.4586
Corinto,MG,-18.369,-44.4542
Cornélio Procópio,PR,-23.1829,-50.6498
Coroaci,MG,-18.6156,-42.2791
Coroados,SP,-21.3521,-50.2859
Coroatá,MA,-4.13442,-44.1244
Coromandel,MG,-18.4734,-47.1933
Coronel Barros,RS,-28.3921,-54.0686
Coronel Bicaco,RS,-27.7197,-53.7022
Coronel Domingos Soares,PR,-26.2277,-52.0356
Coronel Ezequiel,RN,-6.3748,-36.2223
Coronel Fabriciano,MG,-19.5179,-42.6276
Coronel Freitas,SC,-26.9057,-52.7011
Coronel João Pessoa,RN,-6.24974,-38.4441
Coronel João Sá,BA,-10.2847,-37.9198
Coronel José Dias,PI,-8.81397,-42.5232
Coronel Macedo,SP,-23.6261,-49.31
Coronel Martins,SC,-26.511,-52.6694
Coronel Murta,MG,-16.6148,-42.184
Coronel Pacheco,MG,-21.5898,-43.256
Coronel Pilar,RS,-29.2695,-51.6847
Coronel Sapucaia,MS,-23.2724,-55.5278
Coronel Vivida,PR,-25.9767,-52.5641
Coronel Xavier Chaves,MG,-21.0277,-44.2206
Córrego Danta,MG,-19.8198,-45.9032
Córrego do Bom Jesus,MG,-22.6269,-46.0241
Córrego do Ouro,GO,-16.2918,-50.5503
Córrego Fundo,MG,-20.4474,-45.5617
Córrego Novo,MG,-19.8361,-42.3988
Correia Pinto,SC,-27.5877,-50.3614
Corrente,PI,-10.4333,-45.1633
Correntes,PE,-9.12117,-36.3244
Correntina,BA,-13.3477,-44.6333
Cortês,PE,-8.47443,-35.5468
Corumbá,MS,-19.0077,-57.651
Corumbá de Goiás,GO,-15.9245,-48.8117
Corumbaíba,GO,-18.1415,-48.5626
Corumbataí,SP,-22.2213,-47.6215
Corumbataí do Sul,PR,-24.101,-52.1177
Corumbiara,RO,-12.9551,-60.8947
Corupá,SC,-26.4246,-49.246
Coruripe,AL,-10.1276,-36.1717
Cosmópolis,SP,-22.6419,-47.1926
Cosmorama,SP,-20.4755,-49.7827
Costa Marques,RO,-12.4367,-64.228
Costa Rica,MS,-18.5432,-53.1287
Cotegipe,BA,-12.0228,-44.2566
Cotia,SP,-23.6022,-46.919
Cotiporã,RS,-28.9891,-51.6971
Cotriguaçu,MT,-9.85656,-58.4192
Couto de Magalhães de Minas,MG,-18.0727,-43.4648
Couto Magalhães,TO,-8.28411,-49.2473
Coxilha,RS,-28.128,-52.3023
Coxim,MS,-18.5013,-54.751
Coxixola,PB,-7.62365,-36.6064
Craíbas,AL,-9.6178,-36.7697
Crateús,CE,-5.16768,-40.6536
Crato,CE,-7.2153,-39.4103
Cravinhos,SP,-21.338,-47.7324
Cravolândia,BA,-13.3531,-39.8031
Criciúma,SC,-28.6723,-49.3729
Crisólita,MG,-17.2381,-40.9184
Crisópolis,BA,-11.5059,-38.1515
Crissiumal,RS,-27.4999,-54.0994
Cristais,MG,-20.8733,-45.5167
Cristais Paulista,SP,-20.4036,-47.4209
Cristal,RS,-31.0046,-52.0436
Cristal do Sul,RS,-27.452,-53.2422
Cristalândia,TO,-10.5985,-49.1942
Cristalândia do Piauí,PI,-10.6443,-45.1893
Cristália,MG,-16.716,-42.8571
Cristalina,GO,-16.7676,-47.6131
Cristiano Otoni,MG,-20.8324,-43.8166
Cristianópolis,GO,-17.1987,-48.7034
Cristina,MG,-22.208,-45.2673
Cristinápolis,SE,-11.4668,-37.7585
Cristino Castro,PI,-8.82273,-44.223
Cristópolis,BA,-12.2249,-44.4214
Crixás,GO,-14.5412,-49.974
Crixás do Tocantins,TO,-11.0994,-48.9152
Croatá,CE,-4.40481,-40.9022
Cromínia,GO,-17.2883,-49.3798
Crucilândia,MG,-20.3923,-44.3334
Cruz,CE,-2.91813,-40.176
Cruz Alta,RS,-28.645,-53.6048
Cruz das Almas,BA,-12.6675,-39.1008
Cruz do Espírito Santo,PB,-7.13902,-35.0857
Cruz Machado,PR,-26.0166,-51.343
Cruzália,SP,-22.7373,-50.7909
Cruzaltense,RS,-27.6672,-52.6522
Cruzeiro,SP,-22.5728,-44.969
Cruzeiro da Fortaleza,MG,-18.944,-46.6669
Cruzeiro do Iguaçu,PR,-25.6192,-53.1285
Cruzeiro do Oeste,PR,-23.7799,-53.0774
Cruzeiro do Sul,PR,-22.9624,-52.1622
Cruzeiro do Sul,RS,-29.5148,-51.9928
Cruzeiro do Sul,AC,-7.62762,-72.6756
Cruzeta,RN,-6.40894,-36.7782
Cruzília,MG,-21.84,-44.8067
Cruzmaltina,PR,-24.0132,-51.4563
Cubatão,SP,-23.8911,-46.424
Cubati,PB,-6.86686,-36.3619
Cuiabá,MT,-15.601,-56.0974
Cuité,PB,-6.47647,-36.1515
Cuité de Mamanguape,PB,-6.91292,-35.2502
Cuitegi,PB,-6.89058,-35.5215
Cujubim,RO,-9.36065,-62.5846
Cumari,GO,-18.2644,-48.1511
Cumaru,PE,-8.00827,-35.6957
Cumaru do Norte,PA,-7.81097,-50.7698
Cumbe,SE,-10.352,-37.1846
Cunha,SP,-23.0731,-44.9576
Cunha Porã,SC,-26.895,-53.1662
Cunhataí,SC,-26.9709,-53.0895
Cuparaque,MG,-18.9648,-41.0986
Cupira,PE,-8.62432,-35.9518
Curaçá,BA,-8.98458,-39.8997
Curimatá,PI,-10.0326,-44.3002
Curionópolis,PA,-6.09965,-49.6068
Curitiba,PR,-25.4195,-49.2646
Curitibanos,SC,-27.2824,-50.5816
Curiúva,PR,-24.0362,-50.4576
Currais,PI,-9.01175,-44.4062
Currais Novos,RN,-6.25484,-36.5146
Curral de Cima,PB,-6.72325,-35.2639
Curral de Dentro,MG,-15.9327,-41.8557
Curral Novo do Piauí,PI,-7.8313,-40.8957
Curral Velho,PB,-7.53075,-38.1962
Curralinho,PA,-1.81179,-49.7952
Curralinhos,PI,-5.60825,-42.8376
Curuá,PA,-1.88775,-55.1168
Curuçá,PA,-0.733214,-47.8515
Cururupu,MA,-1.81475,-44.8644
Curvelândia,MT,-15.6084,-57.9133
Curvelo,MG,-18.7527,-44.4303
Custódia,PE,-8.08546,-37.6443
Cutias,AP,0.970761,-50.8005
Damianópolis,GO,-14.5604,-46.178
Damião,PB,-6.63161,-35.9101
Damolândia,GO,-16.2544,-49.3631
Darcinópolis,TO,-6.71591,-47.7597
Dário Meira,BA,-14.4229,-39.9031
Datas,MG,-18.4478,-43.6591
David Canabarro,RS,-28.3849,-51.8482
Davinópolis,MA,-5.54637,-47.4217
Davinópolis,GO,-18.1501,-47.5568
Delfim Moreira,MG,-22.5036,-45.2792
Delfinópolis,MG,-20.3468,-46.8456
Delmiro Gouveia,AL,-9.38534,-37.9987
Delta,MG,-19.9721,-47.7841
Demerval Lobão,PI,-5.35875,-42.6776
Denise,MT,-14.7324,-57.0583
Deodápolis,MS,-22.2763,-54.1682
Deputado Irapuan Pinheiro,CE,-5.91485,-39.257
Derrubadas,RS,-27.2642,-53.8645
Descalvado,SP,-21.9002,-47.6181
Descanso,SC,-26.827,-53.5034
Descoberto,MG,-21.46,-42.9618
Desterro,PB,-7.287,-37.0925
Desterro de Entre Rios,MG,-20.665,-44.3334
Desterro do Melo,MG,-21.143,-43.5178
Dezesseis de Novembro,RS,-28.219,-55.0617
Diadema,SP,-23.6813,-46.6205
Diamante,PB,-7.41738,-38.2615
Diamante D'Oeste,PR,-24.9419,-54.1052
Diamante do Norte,PR,-22.655,-52.8617
Diamante do Sul,PR,-25.035,-52.6768
Diamantina,MG,-18.2413,-43.6031
Diamantino,MT,-14.4037,-56.4366
Dianópolis,TO,-11.624,-46.8198
Dias d'Ávila,BA,-12.6187,-38.2926
Dilermando de Aguiar,RS,-29.7054,-54.2122
Diogo de Vasconcelos,MG,-20.4879,-43.1953
Dionísio,MG,-19.8433,-42.7701
Dionísio Cerqueira,SC,-26.2648,-53.6351
Diorama,GO,-16.2329,-51.2543
Dirce Reis,SP,-20.4642,-50.6073
Dirceu Arcoverde,PI,-9.33939,-42.4348
Divina Pastora,SE,-10.6782,-37.1506
Divinésia,MG,-20.9917,-43.0003
Divino,MG,-20.6134,-42.1438
Divino das Laranjeiras,MG,-18.7755,-41.4781
Divino de São Lourenço,ES,-20.6229,-41.6937
Divinolândia,SP,-21.6637,-46.7361
Divinolândia de Minas,MG,-18.8004,-42.6103
Divinópolis,MG,-20.1446,-44.8912
Divinópolis de Goiás,GO,-13.2853,-46.3999
Divinópolis do Tocantins,TO,-9.80018,-49.2169
Divisa Alegre,MG,-15.7221,-41.3463
Divisa Nova,MG,-21.5092,-46.1904
Divisópolis,MG,-15.7254,-40.9997
Dobrada,SP,-21.5155,-48.3935
Dois Córregos,SP,-22.3673,-48.3819
Dois Irmãos,RS,-29.5836,-51.0898
Dois Irmãos das Missões,RS,-27.6621,-53.5304
Dois Irmãos do Buriti,MS,-20.6848,-55.2915
Dois Irmãos do Tocantins,TO,-9.25534,-49.0638
Dois Lajeados,RS,-28.983,-51.8396
Dois Riachos,AL,-9.38465,-37.0965
Dois Vizinhos,PR,-25.7407,-53.057
Dolcinópolis,SP,-20.124,-50.5149
Dom Aquino,MT,-15.8099,-54.9223
Dom Basílio,BA,-13.7565,-41.7677
Dom Bosco,MG,-16.652,-46.2597
Dom Cavati,MG,-19.3735,-42.1121
Dom Eliseu,PA,-4.19944,-47.8245
Dom Expedito Lopes,PI,-6.95332,-41.6396
Dom Feliciano,RS,-30.7004,-52.1026
Dom Inocêncio,PI,-9.00516,-41.9697
Dom Joaquim,MG,-18.961,-43.2544
Dom Macedo Costa,BA,-12.9016,-39.1923
Dom Pedrito,RS,-30.9756,-54.6694
Dom Pedro,MA,-5.03518,-44.4409
Dom Pedro de Alcântara,RS,-29.3639,-49.853
Dom Silvério,MG,-20.1627,-42.9627
Dom Viçoso,MG,-22.2511,-45.1643
Domingos Martins,ES,-20.3603,-40.6594
Domingos Mourão,PI,-4.2495,-41.2683
Dona Emma,SC,-26.981,-49.7261
Dona Eusébia,MG,-21.319,-42.807
Dona Francisca,RS,-29.6195,-53.3617
Dona Inês,PB,-6.61566,-35.6205
Dores de Campos,MG,-21.1139,-44.0207
Dores de Guanhães,MG,-19.0516,-42.9254
Dores do Indaiá,MG,-19.4628,-45.5927
Dores do Rio Preto,ES,-20.6931,-41.8405
Dores do Turvo,MG,-20.9785,-43.1834
Doresópolis,MG,-20.2868,-45.9007
Dormentes,PE,-8.44116,-40.7662
Douradina,MS,-22.0405,-54.6158
Douradina,PR,-23.3807,-53.2918
Dourado,SP,-22.1044,-48.3178
Douradoquara,MG,-18.4338,-47.5993
Dourados,MS,-22.2231,-54.812
Doutor Camargo,PR,-23.5582,-52.2178
Doutor Maurício Cardoso,RS,-27.5103,-54.3577
Doutor Pedrinho,SC,-26.7174,-49.4795
Doutor Ricardo,RS,-29.084,-51.9972
Doutor Severiano,RN,-6.08082,-38.3794
Doutor Ulysses,PR,-24.5665,-49.4219
Doverlândia,GO,-16.7188,-52.3189
Dracena,SP,-21.4843,-51.535
Duartina,SP,-22.4146,-49.4084
Duas Barras,RJ,-22.0536,-42.5232
Duas Estradas,PB,-6.68499,-35.418
Dueré,TO,-11.3416,-49.2716
Dumont,SP,-21.2324,-47.9756
Duque Bacelar,MA,-4.15002,-42.9477
Duque de Caxias,RJ,-22.7858,-43.3049
Durandé,MG,-20.2058,-41.7977
Echaporã,SP,-22.4326,-50.2038
Ecoporanga,ES,-18.3702,-40.836
Edealina,GO,-17.4239,-49.6644
Edéia,GO,-17.3406,-49.9295
Eirunepé,AM,-6.65677,-69.8662
Eldorado,MS,-23.7868,-54.2838
Eldorado,SP,-24.5281,-48.1141
Eldorado do Carajás,PA,-6.10389,-49.3553
Eldorado do Sul,RS,-30.0847,-51.6187
Elesbão Veloso,PI,-6.19947,-42.1355
Elias Fausto,SP,-23.0428,-47.3682
Eliseu Martins,PI,-8.09629,-43.6705
Elisiário,SP,-21.1678,-49.1146
Elísio Medrado,BA,-12.9417,-39.5191
Elói Mendes,MG,-21.6088,-45.5691
Emas,PB,-7.09964,-37.7163
Embaúba,SP,-20.9796,-48.8325
Embu das Artes,SP,-23.6437,-46.8579
Embu-Guaçu,SP,-23.8297,-46.8136
Emilianópolis,SP,-21.8314,-51.4832
Encantado,RS,-29.2351,-51.8703
Encanto,RN,-6.10691,-38.3033
Encruzilhada,BA,-15.5302,-40.9124
Encruzilhada do Sul,RS,-30.543,-52.5204
Enéas Marques,PR,-25.9445,-53.1659
Engenheiro Beltrão,PR,-23.797,-52.2659
Engenheiro Caldas,MG,-19.2065,-42.0503
Engenheiro Coelho,SP,-22.4836,-47.211
Engenheiro Navarro,MG,-17.2831,-43.947
Engenheiro Paulo de Frontin,RJ,-22.5498,-43.6827
Engenho Velho,RS,-27.706,-52.9145
Entre Folhas,MG,-19.6218,-42.2306
Entre Rios,BA,-11.9392,-38.0871
Entre Rios,SC,-26.7225,-52.5585
Entre Rios de Minas,MG,-20.6706,-44.0654
Entre Rios do Oeste,PR,-24.7042,-54.2385
Entre Rios do Sul,RS,-27.5298,-52.7347
Entre-Ijuís,RS,-28.3686,-54.2686
Envira,AM,-7.43789,-70.0281
Epitaciolândia,AC,-11.0188,-68.7341
Equador,RN,-6.93835,-36.717
Erebango,RS,-27.8544,-52.3005
Erechim,RS,-27.6364,-52.2697
Ererê,CE,-6.02751,-38.3461
Érico Cardoso,BA,-13.4215,-42.1352
Ermo,SC,-28.9869,-49.643
Ernestina,RS,-28.4977,-52.5836
Erval Grande,RS,-27.3926,-52.574
Erval Seco,RS,-27.5443,-53.5005
Erval Velho,SC,-27.2743,-51.443
Ervália,MG,-20.8403,-42.6544
Escada,PE,-8.35672,-35.2241
Esmeralda,RS,-28.0518,-51.1933
Esmeraldas,MG,-19.764,-44.3065
Espera Feliz,MG,-20.6508,-41.9119
Esperança,PB,-7.02278,-35.8597
Esperança do Sul,RS,-27.3603,-53.9891
Esperança Nova,PR,-23.7238,-53.811
Esperantina,TO,-5.36593,-48.5378
Esperantina,PI,-3.88863,-42.2324
Esperantinópolis,MA,-4.87938,-44.6926
Espigão Alto do Iguaçu,PR,-25.4216,-52.8348
Espigão D'Oeste,RO,-11.5266,-61.0252
Espinosa,MG,-14.9249,-42.809
Espírito Santo,RN,-6.33563,-35.3052
Espírito Santo do Dourado,MG,-22.0454,-45.9548
Espírito Santo do Pinhal,SP,-22.1909,-46.7477
Espírito Santo do Turvo,SP,-22.6925,-49.4341
Esplanada,BA,-11.7942,-37.9432
Espumoso,RS,-28.7286,-52.8461
Estação,RS,-27.9135,-52.2635
Estância,SE,-11.2659,-37.4484
Estância Velha,RS,-29.6535,-51.1843
Esteio,RS,-29.852,-51.1841
Estiva,MG,-22.4577,-46.0191
Estiva Gerbi,SP,-22.2713,-46.9481
Estreito,MA,-6.56077,-47.4431
Estrela,RS,-29.5002,-51.9495
Estrela d'Oeste,SP,-20.2875,-50.4049
Estrela Dalva,MG,-21.7412,-42.4574
Estrela de Alagoas,AL,-9.39089,-36.7644
Estrela do Indaiá,MG,-19.5169,-45.7859
Estrela do Norte,GO,-13.8665,-49.0716
Estrela do Norte,SP,-22.4859,-51.6632
Estrela do Sul,MG,-18.7399,-47.6956
Estrela Velha,RS,-29.1713,-53.1639
Euclides da Cunha,BA,-10.5078,-39.0153
Euclides da Cunha Paulista,SP,-22.5545,-52.5928
Eugênio de Castro,RS,-28.5315,-54.1506
Eugenópolis,MG,-21.1002,-42.1878
Eunápolis,BA,-16.3715,-39.5821
Eusébio,CE,-3.8925,-38.4559
Ewbank da Câmara,MG,-21.5498,-43.5068
Extrema,MG,-22.854,-46.3178
Extremoz,RN,-5.70143,-35.3048
Exu,PE,-7.50364,-39.7238
Fagundes,PB,-7.34454,-35.7931
Fagundes Varela,RS,-28.8794,-51.7014
Faina,GO,-15.4473,-50.3622
Fama,MG,-21.4089,-45.8286
Faria Lemos,MG,-20.8097,-42.0213
Farias Brito,CE,-6.92146,-39.5651
Faro,PA,-2.16805,-56.7405
Farol,PR,-24.0958,-52.6217
Farroupilha,RS,-29.2227,-51.3419
Fartura,SP,-23.3916,-49.5124
Fartura do Piauí,PI,-9.48342,-42.7912
Fátima,TO,-10.7603,-48.9076
Fátima,BA,-10.616,-38.2239
Fátima do Sul,MS,-22.3789,-54.5131
Faxinal,PR,-24.0077,-51.3227
Faxinal do Soturno,RS,-29.5788,-53.4484
Faxinal dos Guedes,SC,-26.8451,-52.2596
Faxinalzinho,RS,-27.4238,-52.6789
Fazenda Nova,GO,-16.1834,-50.7781
Fazenda Rio Grande,PR,-25.6624,-49.3073
Fazenda Vilanova,RS,-29.5885,-51.8217
Feijó,AC,-8.17054,-70.351
Feira da Mata,BA,-14.2044,-44.2744
Feira de Santana,BA,-12.2664,-38.9663
Feira Grande,AL,-9.89859,-36.6815
Feira Nova,PE,-7.94704,-35.3801
Feira Nova,SE,-10.2616,-37.3147
Feira Nova do Maranhão,MA,-6.96508,-46.6786
Felício dos Santos,MG,-18.0755,-43.2422
Felipe Guerra,RN,-5.59274,-37.6875
Felisburgo,MG,-16.6348,-40.7605
Felixlândia,MG,-18.7507,-44.9004
Feliz,RS,-29.4527,-51.3032
Feliz Deserto,AL,-10.2935,-36.3028
Feliz Natal,MT,-12.385,-54.9227
Fênix,PR,-23.9135,-51.9805
Fernandes Pinheiro,PR,-25.4107,-50.5456
Fernandes Tourinho,MG,-19.1541,-42.0803
Fernando de Noronha,PE,-3.8396,-32.4107
Fernando Falcão,MA,-6.16207,-44.8979
Fernando Pedroza,RN,-5.69096,-36.5282
Fernando Prestes,SP,-21.2661,-48.6874
Fernandópolis,SP,-20.2806,-50.2471
Fernão,SP,-22.3607,-49.5187
Ferraz de Vasconcelos,SP,-23.5411,-46.371
Ferreira Gomes,AP,0.857256,-51.1795
Ferreiros,PE,-7.44666,-35.2373
Ferros,MG,-19.2343,-43.0192
Fervedouro,MG,-20.726,-42.279
Figueira,PR,-23.8455,-50.4031
Figueirão,MS,-18.6782,-53.638
Figueirópolis,TO,-12.1312,-49.1748
Figueirópolis D'Oeste,MT,-15.4439,-58.7391
Filadélfia,TO,-7.33501,-47.4954
Filadélfia,BA,-10.7405,-40.1437
Firmino Alves,BA,-14.9823,-39.9269
Firminópolis,GO,-16.5778,-50.304
Flexeiras,AL,-9.27281,-35.7139
Flor da Serra do Sul,PR,-26.2523,-53.3092
Flor do Sertão,SC,-26.7811,-53.3505
Flora Rica,SP,-21.6727,-51.3821
Floraí,PR,-23.3178,-52.3029
Florânia,RN,-6.12264,-36.8226
Floreal,SP,-20.6752,-50.1513
Flores,PE,-7.85842,-37.9715
Flores da Cunha,RS,-29.0261,-51.1875
Flores de Goiás,GO,-14.4451,-47.0417
Flores do Piauí,PI,-7.78793,-42.918
Floresta,PR,-23.6031,-52.0807
Floresta,PE,-8.60307,-38.5687
Floresta Azul,BA,-14.8629,-39.6579
Floresta do Araguaia,PA,-7.55335,-49.7125
Floresta do Piauí,PI,-7.46682,-41.7883
Florestal,MG,-19.888,-44.4318
Florestópolis,PR,-22.8623,-51.3882
Floriano,PI,-6.77182,-43.0241
Floriano Peixoto,RS,-27.8614,-52.0838
Florianópolis,SC,-27.5945,-48.5477
Flórida,PR,-23.0847,-51.9546
Flórida Paulista,SP,-21.6127,-51.1724
Florínia,SP,-22.868,-50.6814
Fonte Boa,AM,-2.52342,-66.0942
Fontoura Xavier,RS,-28.9817,-52.3445
Formiga,MG,-20.4618,-45.4268
Formigueiro,RS,-30.0035,-53.4959
Formosa,GO,-15.54,-47.337
Formosa da Serra Negra,MA,-6.44017,-46.1916
Formosa do Oeste,PR,-24.2951,-53.3114
Formosa do Rio Preto,BA,-11.0328,-45.193
Formosa do Sul,SC,-26.6453,-52.7946
Formoso,GO,-13.6499,-48.8775
Formoso,MG,-14.9446,-46.2371
Formoso do Araguaia,TO,-11.7976,-49.5316
Forquetinha,RS,-29.3828,-52.0981
Forquilha,CE,-3.79945,-40.2634
Forquilhinha,SC,-28.7454,-49.4785
Fortaleza,CE,-3.71664,-38.5423
Fortaleza de Minas,MG,-20.8508,-46.712
Fortaleza do Tabocão,TO,-9.05611,-48.5206
Fortaleza dos Nogueiras,MA,-6.95983,-46.1749
Fortaleza dos Valos,RS,-28.7986,-53.2249
Fortim,CE,-4.45126,-37.7981
Fortuna,MA,-5.72792,-44.1565
Fortuna de Minas,MG,-19.5578,-44.4472
Foz do Iguaçu,PR,-25.5427,-54.5827
Foz do Jordão,PR,-25.7371,-52.1188
Fraiburgo,SC,-27.0233,-50.92
Franca,SP,-20.5352,-47.4039
Francinópolis,PI,-6.39334,-42.2591
Francisco Alves,PR,-24.0667,-53.8461
Francisco Ayres,PI,-6.62606,-42.6881
Francisco Badaró,MG,-16.9883,-42.3568
Francisco Beltrão,PR,-26.0817,-53.0535
Francisco Dantas,RN,-6.07234,-38.1212
Francisco Dumont,MG,-17.3107,-44.2317
Francisco Macedo,PI,-7.331,-40.788
Francisco Morato,SP,-23.2792,-46.7448
Francisco Sá,MG,-16.4827,-43.4896
Francisco Santos,PI,-6.99491,-41.1288
Franciscópolis,MG,-17.9578,-42.0094
Franco da Rocha,SP,-23.3229,-46.729
Frecheirinha,CE,-3.75557,-40.818
Frederico Westphalen,RS,-27.3586,-53.3958
Frei Gaspar,MG,-18.0709,-41.4325
Frei Inocêncio,MG,-18.5556,-41.9121
Frei Lagonegro,MG,-18.1751,-42.7617
Frei Martinho,PB,-6.39759,-36.4526
Frei Miguelinho,PE,-7.93918,-35.9113
Frei Paulo,SE,-10.5513,-37.5279
Frei Rogério,SC,-27.175,-50.8076
Fronteira,MG,-20.2748,-49.1984
Fronteira dos Vales,MG,-16.8898,-40.923
Fronteiras,PI,-7.08173,-40.6146
Fruta de Leite,MG,-16.1225,-42.5288
Frutal,MG,-20.0259,-48.9355
Frutuoso Gomes,RN,-6.15669,-37.8375
Fundão,ES,-19.937,-40.4078
Funilândia,MG,-19.3661,-44.061
Gabriel Monteiro,SP,-21.5294,-50.5573
Gado Bravo,PB,-7.58279,-35.7899
Gália,SP,-22.2918,-49.5504
Galiléia,MG,-19.0005,-41.5387
Galinhos,RN,-5.0909,-36.2754
Galvão,SC,-26.4549,-52.6875
Gameleira,PE,-8.5798,-35.3846
Gameleira de Goiás,GO,-16.4854,-48.6454
Gameleiras,MG,-15.0829,-43.125
Gandu,BA,-13.7441,-39.4747
Garanhuns,PE,-8.88243,-36.4966
Gararu,SE,-9.9722,-37.0869
Garça,SP,-22.2125,-49.6546
Garibaldi,RS,-29.259,-51.5352
Garopaba,SC,-28.0275,-48.6192
Garrafão do Norte,PA,-1.92986,-47.0505
Garruchos,RS,-28.1944,-55.6383
Garuva,SC,-26.0292,-48.852
Gaspar,SC,-26.9336,-48.9534
Gastão Vidigal,SP,-20.7948,-50.1912
Gaúcha do Norte,MT,-13.2443,-53.0809
Gaurama,RS,-27.5856,-52.0915
Gavião,BA,-11.4688,-39.7757
Gavião Peixoto,SP,-21.8367,-48.4957
Geminiano,PI,-7.15476,-41.3409
General Câmara,RS,-29.9032,-51.7612
General Carneiro,MT,-15.7094,-52.7574
General Carneiro,PR,-26.425,-51.3172
General Maynard,SE,-10.6835,-36.9838
General Salgado,SP,-20.6485,-50.364
General Sampaio,CE,-4.04351,-39.454
Gentil,RS,-28.4316,-52.0337
Gentio do Ouro,BA,-11.4342,-42.5077
Getulina,SP,-21.7961,-49.9312
Getúlio Vargas,RS,-27.8911,-52.2294
Gilbués,PI,-9.83001,-45.3423
Girau do Ponciano,AL,-9.88404,-36.8316
Giruá,RS,-28.0297,-54.3517
Glaucilândia,MG,-16.8481,-43.692
Glicério,SP,-21.3812,-50.2123
Glória,BA,-9.34382,-38.2544
Glória D'Oeste,MT,-15.768,-58.3108
Glória de Dourados,MS,-22.4136,-54.2335
Glória do Goitá,PE,-8.00568,-35.2904
Glorinha,RS,-29.8798,-50.7734
Godofredo Viana,MA,-1.40259,-45.7795
Godoy Moreira,PR,-24.173,-51.9246
Goiabeira,MG,-18.9807,-41.2235
Goianá,MG,-21.536,-43.1957
Goiana,PE,-7.5606,-34.9959
Goianápolis,GO,-16.5098,-49.0234
Goiandira,GO,-18.1352,-48.0875
Goianésia,GO,-15.3118,-49.1162
Goianésia do Pará,PA,-3.84338,-49.0974
Goiânia,GO,-16.6864,-49.2643
Goianinha,RN,-6.26486,-35.1943
Goianira,GO,-16.4947,-49.427
Goianorte,TO,-8.77413,-48.9313
Goiás,GO,-15.9333,-50.14
Goiatins,TO,-7.71478,-47.3252
Goiatuba,GO,-18.0105,-49.3658
Goioerê,PR,-24.1835,-53.0248
Goioxim,PR,-25.1927,-51.9911
Gonçalves,MG,-22.6545,-45.8556
Gonçalves Dias,MA,-5.1475,-44.3013
Gongogi,BA,-14.3195,-39.469
Gonzaga,MG,-18.8196,-42.4769
Gouveia,MG,-18.4519,-43.7423
Gouvelândia,GO,-18.6238,-50.0805
Governador Archer,MA,-5.02078,-44.2754
Governador Celso Ramos,SC,-27.3172,-48.5576
Governador Dix-Sept Rosado,RN,-5.44887,-37.5183
Governador Edison Lobão,MA,-5.74973,-47.3646
Governador Eugênio Barros,MA,-5.31897,-44.2469
Governador Jorge Teixeira,RO,-10.61,-62.7371
Governador Lindenberg,ES,-19.1864,-40.4473
Governador Luiz Rocha,MA,-5.47835,-44.0774
Governador Mangabeira,BA,-12.5994,-39.0412
Governador Newton Bello,MA,-3.43245,-45.6619
Governador Nunes Freire,MA,-2.12899,-45.8777
Governador Valadares,MG,-18.8545,-41.9555
Graça,CE,-4.04422,-40.749
Graça Aranha,MA,-5.40547,-44.3358
Gracho Cardoso,SE,-10.2252,-37.2006
Grajaú,MA,-5.81367,-46.1462
Gramado,RS,-29.3734,-50.8762
Gramado dos Loureiros,RS,-27.4429,-52.9149
Gramado Xavier,RS,-29.2706,-52.5795
Grandes Rios,PR,-24.1466,-51.5094
Granito,PE,-7.70711,-39.615
Granja,CE,-3.12788,-40.8372
Granjeiro,CE,-6.88134,-39.2144
Grão Mogol,MG,-16.5662,-42.8923
Grão Pará,SC,-28.1809,-49.2252
Gravatá,PE,-8.21118,-35.5675
Gravataí,RS,-29.9413,-50.9869
Gravatal,SC,-28.3208,-49.0427
Groaíras,CE,-3.91787,-40.3852
Grossos,RN,-4.98068,-37.1621
Grupiara,MG,-18.5003,-47.7318
Guabiju,RS,-28.5421,-51.6948
Guabiruba,SC,-27.0808,-48.9804
Guaçuí,ES,-20.7668,-41.6734
Guadalupe,PI,-6.78285,-43.5594
Guaíba,RS,-30.1086,-51.3233
Guaiçara,SP,-21.6195,-49.8013
Guaimbê,SP,-21.9091,-49.8986
Guaíra,SP,-20.3196,-48.312
Guaíra,PR,-24.085,-54.2573
Guairaçá,PR,-22.932,-52.6906
Guaiúba,CE,-4.04057,-38.6404
Guajará,AM,-7.53797,-72.5907
Guajará-Mirim,RO,-10.7889,-65.3296
Guajeru,BA,-14.5467,-41.9381
Guamaré,RN,-5.10619,-36.3222
Guamiranga,PR,-25.1912,-50.8021
Guanambi,BA,-14.2231,-42.7799
Guanhães,MG,-18.7713,-42.9312
Guapé,MG,-20.7631,-45.9152
Guapiaçu,SP,-20.7959,-49.2172
Guapiara,SP,-24.1892,-48.5295
Guapimirim,RJ,-22.5347,-42.9895
Guapirama,PR,-23.5203,-50.0407
Guapó,GO,-16.8297,-49.5345
Guaporé,RS,-28.8399,-51.8895
Guaporema,PR,-23.3402,-52.7786
Guará,SP,-20.4302,-47.8236
Guarabira,PB,-6.85064,-35.485
Guaraçaí,SP,-21.0292,-51.2119
Guaraci,SP,-20.4977,-48.9391
Guaraci,PR,-22.9694,-51.6504
Guaraciaba,MG,-20.5716,-43.0094
Guaraciaba,SC,-26.6042,-53.5243
Guaraciaba do Norte,CE,-4.15814,-40.7476
Guaraciama,MG,-17.0142,-43.6675
Guaraí,TO,-8.83543,-48.5114
Guaraíta,GO,-15.6121,-50.0265
Guaramiranga,CE,-4.26248,-38.932
Guaramirim,SC,-26.4688,-49.0026
Guaranésia,MG,-21.3009,-46.7964
Guarani,MG,-21.3563,-43.0328
Guarani d'Oeste,SP,-20.0746,-50.3411
Guarani das Missões,RS,-28.1491,-54.5629
Guarani de Goiás,GO,-13.9421,-46.4868
Guaraniaçu,PR,-25.0968,-52.8755
Guarantã,SP,-21.8942,-49.5914
Guarantã do Norte,MT,-9.96218,-54.9121
Guarapari,ES,-20.6772,-40.5093
Guarapuava,PR,-25.3902,-51.4623
Guaraqueçaba,PR,-25.3071,-48.3204
Guarará,MG,-21.7304,-43.0334
Guararapes,SP,-21.2544,-50.6453
Guararema,SP,-23.4112,-46.0369
Guaratinga,BA,-16.5833,-39.7847
Guaratinguetá,SP,-22.8075,-45.1938
Guaratuba,PR,-25.8817,-48.5752
Guarda-Mor,MG,-17.7673,-47.0998
Guareí,SP,-23.3714,-48.1837
Guariba,SP,-21.3594,-48.2316
Guaribas,PI,-9.38647,-43.6943
Guarinos,GO,-14.7292,-49.7006
Guarujá,SP,-23.9888,-46.258
Guarujá do Sul,SC,-26.3858,-53.5296
Guarulhos,SP,-23.4538,-46.5333
Guatambú,SC,-27.1341,-52.7887
Guatapará,SP,-21.4944,-48.0356
Guaxupé,MG,-21.305,-46.7081
Guia Lopes da Laguna,MS,-21.4583,-56.1117
Guidoval,MG,-21.155,-42.7887
Guimarães,MA,-2.12755,-44.602
Guimarânia,MG,-18.8425,-46.7901
Guiratinga,MT,-16.346,-53.7575
Guiricema,MG,-21.0098,-42.7207
Gurinhatã,MG,-19.2143,-49.7876
Gurinhém,PB,-7.1233,-35.4222
Gurjão,PB,-7.24833,-36.4923
Gurupá,PA,-1.41412,-51.6338
Gurupi,TO,-11.7279,-49.068
Guzolândia,SP,-20.6467,-50.6645
Harmonia,RS,-29.5456,-51.4185
Heitoraí,GO,-15.719,-49.8268
Heliodora,MG,-22.0644,-45.5453
Heliópolis,BA,-10.6825,-38.2907
Herculândia,SP,-22.0038,-50.3907
Herval,RS,-32.024,-53.3944
Herval d'Oeste,SC,-27.1903,-51.4917
Herveiras,RS,-29.4552,-52.6553
Hidrolândia,GO,-16.9626,-49.2265
Hidrolândia,CE,-4.40958,-40.4056
Hidrolina,GO,-14.7261,-49.4634
Holambra,SP,-22.6405,-47.0487
Honório Serpa,PR,-26.139,-52.3848
Horizonte,CE,-4.1209,-38.4707
Horizontina,RS,-27.6282,-54.3053
Hortolândia,SP,-22.8529,-47.2143
Hugo Napoleão,PI,-5.9886,-42.5598
Hulha Negra,RS,-31.4067,-53.8667
Humaitá,RS,-27.5691,-53.9695
Humaitá,AM,-7.51171,-63.0327
Humberto de Campos,MA,-2.59828,-43.4649
Iacanga,SP,-21.8896,-49.031
Iaciara,GO,-14.1011,-46.6335
Iacri,SP,-21.8572,-50.6932
Iaçu,BA,-12.7666,-40.2056
Iapu,MG,-19.4387,-42.2147
Iaras,SP,-22.8682,-49.1634
Iati,PE,-9.04559,-36.8498
Ibaiti,PR,-23.8478,-50.1932
Ibarama,RS,-29.4203,-53.1295
Ibaretama,CE,-4.80376,-38.7501
Ibaté,SP,-21.9584,-47.9882
Ibateguara,AL,-8.97823,-35.9373
Ibatiba,ES,-20.2347,-41.5087
Ibema,PR,-25.1193,-53.0072
Ibertioga,MG,-21.433,-43.9639
Ibiá,MG,-19.4749,-46.5474
Ibiaçá,RS,-28.0566,-51.8599
Ibiaí,MG,-16.8591,-44.9046
Ibiam,SC,-27.1847,-51.2352
Ibiapina,CE,-3.92403,-40.8911
Ibiara,PB,-7.47957,-38.4059
Ibiassucê,BA,-14.2711,-42.257
Ibicaraí,BA,-14.8579,-39.5914
Ibicaré,SC,-27.0881,-51.3681
Ibicoara,BA,-13.4059,-41.284
Ibicuí,BA,-14.845,-39.9879
Ibicuitinga,CE,-4.96999,-38.6362
Ibimirim,PE,-8.54026,-37.7032
Ibipeba,BA,-11.6438,-42.0195
Ibipitanga,BA,-12.8804,-42.4856
Ibiporã,PR,-23.2659,-51.0522
Ibiquera,BA,-12.6444,-40.9338
Ibirá,SP,-21.083,-49.2448
Ibiracatu,MG,-15.6605,-44.1667
Ibiraci,MG,-20.4611,-47.1222
Ibiraçu,ES,-19.8366,-40.3732
Ibiraiaras,RS,-28.3741,-51.6377
Ibirajuba,PE,-8.57633,-36.1812
Ibirama,SC,-27.0547,-49.5193
Ibirapitanga,BA,-14.1649,-39.3787
Ibirapuã,BA,-17.6832,-40.1129
Ibirapuitã,RS,-28.6247,-52.5158
Ibirarema,SP,-22.8185,-50.0739
Ibirataia,BA,-14.0643,-39.6459
Ibirité,MG,-20.0252,-44.0569
Ibirubá,RS,-28.6302,-53.0961
Ibitiara,BA,-12.6502,-42.2179
Ibitinga,SP,-21.7562,-48.8319
Ibitirama,ES,-20.5466,-41.6667
Ibititá,BA,-11.5414,-41.9748
Ibitiúra de Minas,MG,-22.0604,-46.4368
Ibituruna,MG,-21.1541,-44.7479
Ibiúna,SP,-23.6596,-47.223
Ibotirama,BA,-12.1779,-43.2167
Icapuí,CE,-4.71206,-37.3531
Içara,SC,-28.7132,-49.3087
Icaraí de Minas,MG,-16.214,-44.9034
Icaraíma,PR,-23.3944,-53.615
Icatu,MA,-2.77206,-44.0501
Icém,SP,-20.3391,-49.1915
Ichu,BA,-11.7431,-39.1905
Icó,CE,-6.39627,-38.8554
Iconha,ES,-20.7913,-40.8132
Ielmo Marinho,RN,-5.82447,-35.55
Iepê,SP,-22.6602,-51.0779
Igaci,AL,-9.53768,-36.6372
Igaporã,BA,-13.774,-42.7155
Igaraçu do Tietê,SP,-22.509,-48.5597
Igaracy,PB,-7.17184,-38.1478
Igarapava,SP,-20.0407,-47.7466
Igarapé,MG,-20.0707,-44.2994
Igarapé do Meio,MA,-3.65771,-45.2114
Igarapé Grande,MA,-4.6625,-44.8558
Igarapé-Açu,PA,-1.12539,-47.626
Igarapé-Miri,PA,-1.97533,-48.9575
Igarassu,PE,-7.82881,-34.9013
Igaratá,SP,-23.2037,-46.157
Igaratinga,MG,-19.9476,-44.7063
Igrapiúna,BA,-13.8295,-39.1361
Igreja Nova,AL,-10.1235,-36.6597
Igrejinha,RS,-29.5693,-50.7919
Iguaba Grande,RJ,-22.8495,-42.2299
Iguaí,BA,-14.7528,-40.0894
Iguape,SP,-24.699,-47.5537
Iguaraçu,PR,-23.1949,-51.8256
Iguaracy,PE,-7.83222,-37.5082
Iguatama,MG,-20.1776,-45.7111
Iguatemi,MS,-23.6736,-54.5637
Iguatu,CE,-6.36281,-39.2892
Iguatu,PR,-24.7153,-53.0827
Ijaci,MG,-21.1738,-44.9233
Ijuí,RS,-28.388,-53.92
Ilha Comprida,SP,-24.7307,-47.5383
Ilha das Flores,SE,-10.4425,-36.5479
Ilha de Itamaracá,PE,-7.74766,-34.8303
Ilha Grande,PI,-2.85774,-41.8186
Ilha Solteira,SP,-20.4326,-51.3426
Ilhabela,SP,-23.7785,-45.3552
Ilhéus,BA,-14.793,-39.046
Ilhota,SC,-26.9023,-48.8251
Ilicínea,MG,-20.9402,-45.8308
Ilópolis,RS,-28.9282,-52.1258
Imaculada,PB,-7.3889,-37.5079
Imaruí,SC,-28.3339,-48.817
Imbaú,PR,-24.448,-50.7533
Imbé,RS,-29.9753,-50.1281
Imbé de Minas,MG,-19.6017,-41.9695
Imbituba,SC,-28.2284,-48.6659
Imbituva,PR,-25.2285,-50.5989
Imbuia,SC,-27.4908,-49.4218
Imigrante,RS,-29.3508,-51.7748
Imperatriz,MA,-5.51847,-47.4777
Inácio Martins,PR,-25.5704,-51.0769
Inaciolândia,GO,-18.4869,-49.9888
Inajá,PE,-8.90206,-37.8351
Inajá,PR,-22.7509,-52.1995
Inconfidentes,MG,-22.3136,-46.3264
Indaiabira,MG,-15.4911,-42.2005
Indaial,SC,-26.8992,-49.2354
Indaiatuba,SP,-23.0816,-47.2101
Independência,RS,-27.8354,-54.1886
Independência,CE,-5.38789,-40.3085
Indiana,SP,-22.1738,-51.2555
Indianópolis,PR,-23.4762,-52.6989
Indianópolis,MG,-19.0341,-47.9155
Indiaporã,SP,-19.979,-50.2909
Indiara,GO,-17.1387,-49.9862
Indiaroba,SE,-11.5157,-37.515
Indiavaí,MT,-15.4921,-58.5802
Ingá,PB,-7.28144,-35.605
Ingaí,MG,-21.4024,-44.9152
Ingazeira,PE,-7.66909,-37.4576
Inhacorá,RS,-27.8752,-54.015
Inhambupe,BA,-11.781,-38.355
Inhangapi,PA,-1.4349,-47.9114
Inhapi,AL,-9.22594,-37.7509
Inhapim,MG,-19.5476,-42.1147
Inhaúma,MG,-19.4898,-44.3934
Inhuma,PI,-6.665,-41.7041
Inhumas,GO,-16.3611,-49.5001
Inimutaba,MG,-18.7271,-44.3584
Inocência,MS,-19.7277,-51.9281
Inúbia Paulista,SP,-21.7695,-50.9633
Iomerê,SC,-27.0019,-51.2442
Ipaba,MG,-19.4158,-42.4139
Ipameri,GO,-17.7215,-48.1581
Ipanema,MG,-19.7992,-41.7164
Ipanguaçu,RN,-5.48984,-36.8501
Ipaporanga,CE,-4.89764,-40.7537
Ipatinga,MG,-19.4703,-42.5476
Ipaumirim,CE,-6.78265,-38.7179
Ipaussu,SP,-23.0575,-49.6279
Ipê,RS,-28.8171,-51.2859
Ipecaetá,BA,-12.3028,-39.3069
Iperó,SP,-23.3513,-47.6927
Ipeúna,SP,-22.4355,-47.7151
Ipiaçu,MG,-18.6927,-49.9436
Ipiaú,BA,-14.1226,-39.7353
Ipiguá,SP,-20.6557,-49.3842
Ipirá,BA,-12.1561,-39.7359
Ipira,SC,-27.4038,-51.7758
Ipiranga,PR,-25.0238,-50.5794
Ipiranga de Goiás,GO,-15.1689,-49.6695
Ipiranga do Norte,MT,-12.2408,-56.1531
Ipiranga do Piauí,PI,-6.82421,-41.7381
Ipiranga do Sul,RS,-27.9404,-52.4271
Ipixuna,AM,-7.04791,-71.6934
Ipixuna do Pará,PA,-2.55992,-47.5059
Ipojuca,PE,-8.39303,-35.0609
Iporã,PR,-24.0083,-53.706
Iporá,GO,-16.4398,-51.118
Iporã do Oeste,SC,-26.9854,-53.5355
Iporanga,SP,-24.5847,-48.5971
Ipu,CE,-4.31748,-40.7059
Ipuã,SP,-20.4438,-48.0129
Ipuaçu,SC,-26.635,-52.4556
Ipubi,PE,-7.64505,-40.1476
Ipueira,RN,-6.80596,-37.2045
Ipueiras,TO,-11.2329,-48.46
Ipueiras,CE,-4.53802,-40.7118
Ipuiúna,MG,-22.1013,-46.1915
Ipumirim,SC,-27.0772,-52.1289
Ipupiara,BA,-11.8219,-42.6179
Iracema,RR,2.18305,-61.0415
Iracema,CE,-5.8124,-38.2919
Iracema do Oeste,PR,-24.4262,-53.3528
Iracemápolis,SP,-22.5832,-47.523
Iraceminha,SC,-26.8215,-53.2767
Iraí,RS,-27.1951,-53.2543
Iraí de Minas,MG,-18.9819,-47.461
Irajuba,BA,-13.2563,-40.0848
Iramaia,BA,-13.2902,-40.9595
Iranduba,AM,-3.27479,-60.19
Irani,SC,-27.0287,-51.9012
Irapuã,SP,-21.2768,-49.4164
Irapuru,SP,-21.5684,-51.3472
Iraquara,BA,-12.2429,-41.6155
Irará,BA,-12.0504,-38.7631
Irati,PR,-25.4697,-50.6493
Irati,SC,-26.6539,-52.8955
Irauçuba,CE,-3.74737,-39.7843
Irecê,BA,-11.3033,-41.8535
Iretama,PR,-24.4253,-52.1012
Irineópolis,SC,-26.242,-50.7957
Irituia,PA,-1.76984,-47.446
Irupi,ES,-20.3501,-41.6444
Isaías Coelho,PI,-7.73597,-41.6735
Israelândia,GO,-16.3144,-50.9087
Itá,SC,-27.2907,-52.3212
Itaara,RS,-29.6013,-53.7725
Itabaiana,PB,-7.33167,-35.3317
Itabaiana,SE,-10.6826,-37.4273
Itabaianinha,SE,-11.2693,-37.7875
Itabela,BA,-16.5732,-39.5593
Itaberá,SP,-23.8638,-49.14
Itaberaba,BA,-12.5242,-40.3059
Itaberaí,GO,-16.0206,-49.806
Itabi,SE,-10.1248,-37.1056
Itabira,MG,-19.6239,-43.2312
Itabirinha,MG,-18.5712,-41.234
Itabirito,MG,-20.2501,-43.8038
Itaboraí,RJ,-22.7565,-42.8639
Itabuna,BA,-14.7876,-39.2781
Itacajá,TO,-8.39293,-47.7726
Itacambira,MG,-17.0625,-43.3069
Itacarambi,MG,-15.089,-44.095
Itacaré,BA,-14.2784,-38.9959
Itacoatiara,AM,-3.13861,-58.4449
Itacuruba,PE,-8.82231,-38.6975
Itacurubi,RS,-28.7913,-55.2447
Itaeté,BA,-12.9831,-40.9677
Itagi,BA,-14.1615,-40.0131
Itagibá,BA,-14.2782,-39.8449
Itagimirim,BA,-16.0819,-39.6133
Itaguaçu,ES,-19.8018,-40.8601
Itaguaçu da Bahia,BA,-11.0147,-42.3997
Itaguaí,RJ,-22.8636,-43.7798
Itaguajé,PR,-22.6183,-51.9674
Itaguara,MG,-20.3947,-44.4875
Itaguari,GO,-15.918,-49.6071
Itaguaru,GO,-15.7565,-49.6354
Itaguatins,TO,-5.77267,-47.4864
Itaí,SP,-23.4213,-49.092
Itaíba,PE,-8.94569,-37.4173
Itaiçaba,CE,-4.67146,-37.833
Itainópolis,PI,-7.44336,-41.4687
Itaiópolis,SC,-26.339,-49.9092
Itaipava do Grajaú,MA,-5.14252,-45.7877
Itaipé,MG,-17.4014,-41.6697
Itaipulândia,PR,-25.1366,-54.3001
Itaitinga,CE,-3.96577,-38.5298
Itaituba,PA,-4.2667,-55.9926
Itajá,RN,-5.63894,-36.8712
Itajá,GO,-19.0673,-51.5495
Itajaí,SC,-26.9101,-48.6705
Itajobi,SP,-21.3123,-49.0629
Itaju,SP,-21.9857,-48.8116
Itaju do Colônia,BA,-15.1366,-39.7283
Itajubá,MG,-22.4225,-45.4598
Itajuípe,BA,-14.6788,-39.3698
Italva,RJ,-21.4296,-41.7014
Itamaraju,BA,-17.0378,-39.5386
Itamarandiba,MG,-17.8552,-42.8561
Itamarati,AM,-6.43852,-68.2437
Itamarati de Minas,MG,-21.4179,-42.813
Itamari,BA,-13.7782,-39.683
Itambacuri,MG,-18.035,-41.683
Itambaracá,PR,-23.0181,-50.4097
Itambé,PR,-23.6601,-51.9912
Itambé,PE,-7.41403,-35.0963
Itambé,BA,-15.2429,-40.63
Itambé do Mato Dentro,MG,-19.4158,-43.3182
Itamogi,MG,-21.0758,-47.046
Itamonte,MG,-22.2859,-44.868
Itanagra,BA,-12.2614,-38.0436
Itanhaém,SP,-24.1736,-46.788
Itanhandu,MG,-22.2942,-44.9382
Itanhangá,MT,-12.2259,-56.6463
Itanhém,BA,-17.1642,-40.3321
Itanhomi,MG,-19.1736,-41.863
Itaobim,MG,-16.5571,-41.5017
Itaóca,SP,-24.6393,-48.8413
Itaocara,RJ,-21.6748,-42.0758
Itapaci,GO,-14.9522,-49.5511
Itapagipe,MG,-19.9062,-49.3781
Itapajé,CE,-3.68314,-39.5855
Itaparica,BA,-12.8932,-38.68
Itapé,BA,-14.8876,-39.4239
Itapebi,BA,-15.9551,-39.5329
Itapecerica,MG,-20.4704,-45.127
Itapecerica da Serra,SP,-23.7161,-46.8572
Itapecuru Mirim,MA,-3.40202,-44.3508
Itapejara d'Oeste,PR,-25.9619,-52.8152
Itapema,SC,-27.0861,-48.616
Itapemirim,ES,-21.0095,-40.8307
Itaperuçu,PR,-25.2193,-49.3454
Itaperuna,RJ,-21.1997,-41.8799
Itapetim,PE,-7.37178,-37.1863
Itapetinga,BA,-15.2475,-40.2482
Itapetininga,SP,-23.5886,-48.0483
Itapeva,SP,-23.9788,-48.8764
Itapeva,MG,-22.7665,-46.2241
Itapevi,SP,-23.5488,-46.9327
Itapicuru,BA,-11.3088,-38.2262
Itapipoca,CE,-3.49933,-39.5836
Itapira,SP,-22.4357,-46.8224
Itapiranga,AM,-2.74081,-58.0293
Itapiranga,SC,-27.1659,-53.7166
Itapirapuã,GO,-15.8205,-50.6094
Itapirapuã Paulista,SP,-24.572,-49.1661
Itapiratins,TO,-8.37982,-48.1072
Itapissuma,PE,-7.76798,-34.8971
Itapitanga,BA,-14.4139,-39.5657
Itapiúna,CE,-4.55516,-38.9281
Itapoá,SC,-26.1158,-48.6182
Itápolis,SP,-21.5942,-48.8149
Itaporã,MS,-22.08,-54.7934
Itaporã do Tocantins,TO,-8.57172,-48.6895
Itaporanga,SP,-23.7043,-49.4819
Itaporanga,PB,-7.30202,-38.1504
Itaporanga d'Ajuda,SE,-10.99,-37.3078
Itapororoca,PB,-6.82374,-35.2406
Itapuã do Oeste,RO,-9.19687,-63.1809
Itapuca,RS,-28.7768,-52.1693
Itapuí,SP,-22.2324,-48.7197
Itapura,SP,-20.6419,-51.5063
Itapuranga,GO,-15.5606,-49.949
Itaquaquecetuba,SP,-23.4835,-46.3457
Itaquara,BA,-13.4459,-39.9378
Itaqui,RS,-29.1311,-56.5515
Itaquiraí,MS,-23.4779,-54.187
Itaquitinga,PE,-7.66373,-35.1002
Itarana,ES,-19.875,-40.8753
Itarantim,BA,-15.6528,-40.065
Itararé,SP,-24.1085,-49.3352
Itarema,CE,-2.9248,-39.9167
Itariri,SP,-24.2834,-47.1736
Itarumã,GO,-18.7646,-51.3485
Itati,RS,-29.4974,-50.1016
Itatiaia,RJ,-22.4897,-44.5675
Itatiaiuçu,MG,-20.1983,-44.4211
Itatiba,SP,-23.0035,-46.8464
Itatiba do Sul,RS,-27.3846,-52.4538
Itatim,BA,-12.7099,-39.6952
Itatinga,SP,-23.1047,-48.6157
Itatira,CE,-4.52608,-39.6202
Itatuba,PB,-7.38115,-35.638
Itaú,RN,-5.8363,-37.9912
Itaú de Minas,MG,-20.7375,-46.7525
Itaúba,MT,-11.0614,-55.2766
Itaubal,AP,0.602185,-50.6996
Itauçu,GO,-16.2029,-49.6109
Itaueira,PI,-7.59989,-43.0249
Itaúna,MG,-20.0818,-44.5801
Itaúna do Sul,PR,-22.7289,-52.8874
Itaverava,MG,-20.6769,-43.6141
Itinga,MG,-16.61,-41.7672
Itinga do Maranhão,MA,-4.45293,-47.5235
Itiquira,MT,-17.2147,-54.1422
Itirapina,SP,-22.2562,-47.8166
Itirapuã,SP,-20.6416,-47.2194
Itiruçu,BA,-13.529,-40.1472
Itiúba,BA,-10.6948,-39.8446
Itobi,SP,-21.7309,-46.9743
Itororó,BA,-15.11,-40.0684
Itu,SP,-23.2544,-47.2927
Ituaçu,BA,-13.8107,-41.3003
Ituberá,BA,-13.7249,-39.1481
Itueta,MG,-19.3999,-41.1746
Ituiutaba,MG,-18.9772,-49.4639
Itumbiara,GO,-18.4093,-49.2158
Itumirim,MG,-21.3171,-44.8724
Itupeva,SP,-23.1526,-47.0593
Itupiranga,PA,-5.13272,-49.3358
Ituporanga,SC,-27.4101,-49.5963
Iturama,MG,-19.7276,-50.1966
Itutinga,MG,-21.3,-44.6567
Ituverava,SP,-20.3355,-47.7902
Iuiú,BA,-14.4054,-43.5595
Iúna,ES,-20.3531,-41.5334
Ivaí,PR,-25.0067,-50.857
Ivaiporã,PR,-24.2485,-51.6754
Ivaté,PR,-23.4072,-53.3687
Ivatuba,PR,-23.6187,-52.2203
Ivinhema,MS,-22.3046,-53.8184
Ivolândia,GO,-16.5995,-50.7921
Ivorá,RS,-29.5232,-53.5842
Ivoti,RS,-29.5995,-51.1533
Jaboatão dos Guararapes,PE,-8.11298,-35.015
Jaborá,SC,-27.1782,-51.7279
Jaborandi,BA,-13.6071,-44.4255
Jaborandi,SP,-20.6884,-48.4112
Jaboti,PR,-23.7435,-50.0729
Jaboticaba,RS,-27.6347,-53.2762
Jaboticabal,SP,-21.252,-48.3252
Jaboticatubas,MG,-19.5119,-43.7373
Jaçanã,RN,-6.41856,-36.2031
Jacaraci,BA,-14.8541,-42.4329
Jacaraú,PB,-6.61453,-35.289
Jacaré dos Homens,AL,-9.63545,-37.2076
Jacareacanga,PA,-6.21469,-57.7544
Jacareí,SP,-23.2983,-45.9658
Jacarezinho,PR,-23.1591,-49.9739
Jaci,SP,-20.8805,-49.5797
Jaciara,MT,-15.9548,-54.9733
Jacinto,MG,-16.1428,-40.295
Jacinto Machado,SC,-28.9961,-49.7623
Jacobina,BA,-11.1812,-40.5117
Jacobina do Piauí,PI,-7.93063,-41.2075
Jacuí,MG,-21.0137,-46.7359
Jacuípe,AL,-8.83951,-35.4591
Jacuizinho,RS,-29.0401,-53.0657
Jacundá,PA,-4.44617,-49.1153
Jacupiranga,SP,-24.6963,-48.0064
Jacutinga,RS,-27.7291,-52.5372
Jacutinga,MG,-22.286,-46.6166
Jaguapitã,PR,-23.1104,-51.5342
Jaguaquara,BA,-13.5248,-39.964
Jaguaraçu,MG,-19.647,-42.7498
Jaguarão,RS,-32.5604,-53.377
Jaguarari,BA,-10.2569,-40.1999
Jaguaré,ES,-18.907,-40.0759
Jaguaretama,CE,-5.6051,-38.7639
Jaguari,RS,-29.4936,-54.703
Jaguariaíva,PR,-24.2439,-49.7066
Jaguaribara,CE,-5.67765,-38.5359
Jaguaribe,CE,-5.90213,-38.6227
Jaguaripe,BA,-13.1109,-38.8939
Jaguariúna,SP,-22.7037,-46.9851
Jaguaruana,CE,-4.83151,-37.781
Jaguaruna,SC,-28.6146,-49.0296
Jaíba,MG,-15.3432,-43.6688
Jaicós,PI,-7.36229,-41.1371
Jales,SP,-20.2672,-50.5494
Jambeiro,SP,-23.2522,-45.6942
Jampruca,MG,-18.461,-41.809
Janaúba,MG,-15.8022,-43.3132
Jandaia,GO,-17.0481,-50.1453
Jandaia do Sul,PR,-23.6011,-51.6448
Jandaíra,RN,-5.35211,-36.1278
Jandaíra,BA,-11.5616,-37.7853
Jandira,SP,-23.5275,-46.9023
Janduís,RN,-6.01474,-37.4048
Jangada,MT,-15.235,-56.4917
Janiópolis,PR,-24.1401,-52.7784
Januária,MG,-15.4802,-44.3639
Januário Cicco (Boa Saúde),RN,-6.16566,-35.6219
Japaraíba,MG,-20.1442,-45.5015
Japaratinga,AL,-9.08746,-35.2634
Japaratuba,SE,-10.5849,-36.9418
Japeri,RJ,-22.6435,-43.6602
Japi,RN,-6.46544,-35.9346
Japira,PR,-23.8142,-50.1422
Japoatã,SE,-10.3477,-36.8045
Japonvar,MG,-15.9891,-44.2758
Japorã,MS,-23.8903,-54.4059
Japurá,PR,-23.4693,-52.5557
Japurá,AM,-1.88237,-66.9291
Jaqueira,PE,-8.72618,-35.7942
Jaquirana,RS,-28.8811,-50.3637
Jaraguá,GO,-15.7529,-49.3344
Jaraguá do Sul,SC,-26.4851,-49.0713
Jaraguari,MS,-20.1386,-54.3996
Jaramataia,AL,-9.66224,-37.0046
Jardim,CE,-7.57599,-39.2826
Jardim,MS,-21.4799,-56.1489
Jardim Alegre,PR,-24.1809,-51.6902
Jardim de Angicos,RN,-5.64999,-35.9713
Jardim de Piranhas,RN,-6.37665,-37.3496
Jardim do Mulato,PI,-6.099,-42.63
Jardim do Seridó,RN,-6.58047,-36.7736
Jardim Olinda,PR,-22.5523,-52.0503
Jardinópolis,SP,-21.0176,-47.7606
Jardinópolis,SC,-26.7191,-52.8625
Jari,RS,-29.2922,-54.2237
Jarinu,SP,-23.1039,-46.728
Jaru,RO,-10.4318,-62.4788
Jataí,GO,-17.8784,-51.7204
Jataizinho,PR,-23.2578,-50.9777
Jataúba,PE,-7.97668,-36.4943
Jateí,MS,-22.4806,-54.3079
Jati,CE,-7.6797,-39.0029
Jatobá,MA,-5.82282,-44.2153
Jatobá,PE,-9.17476,-38.2607
Jatobá do Piauí,PI,-4.77025,-41.817
Jaú,SP,-22.2936,-48.5592
Jaú do Tocantins,TO,-12.6509,-48.589
Jaupaci,GO,-16.1773,-50.9508
Jauru,MT,-15.3342,-58.8723
Jeceaba,MG,-20.5339,-43.9894
Jenipapo de Minas,MG,-17.0831,-42.2589
Jenipapo dos Vieiras,MA,-5.36237,-45.6356
Jequeri,MG,-20.4542,-42.6651
Jequiá da Praia,AL,-10.0133,-36.0142
Jequié,BA,-13.8509,-40.0877
Jequitaí,MG,-17.229,-44.4376
Jequitibá,MG,-19.2345,-44.0304
Jequitinhonha,MG,-16.4375,-41.0117
Jeremoabo,BA,-10.0685,-38.3471
Jericó,PB,-6.54577,-37.8036
Jeriquara,SP,-20.3116,-47.5918
Jerônimo Monteiro,ES,-20.7994,-41.3948
Jerumenha,PI,-7.09128,-43.5033
Jesuânia,MG,-21.9887,-45.2911
Jesuítas,PR,-24.3839,-53.3849
Jesúpolis,GO,-15.9484,-49.3739
Ji-Paraná,RO,-10.8777,-61.9322
Jijoca de Jericoacoara,CE,-2.79331,-40.5127
Jiquiriçá,BA,-13.2621,-39.5737
Jitaúna,BA,-14.0131,-39.8969
Joaçaba,SC,-27.1721,-51.5108
Joaíma,MG,-16.6522,-41.0229
Joanésia,MG,-19.1729,-42.6775
Joanópolis,SP,-22.927,-46.2741
João Alfredo,PE,-7.86565,-35.5787
João Câmara,RN,-5.54094,-35.8122
João Costa,PI,-8.50736,-42.4264
João Dias,RN,-6.27215,-37.7885
João Dourado,BA,-11.3486,-41.6548
João Lisboa,MA,-5.44363,-47.4064
João Monlevade,MG,-19.8126,-43.1735
João Neiva,ES,-19.7577,-40.386
João Pessoa,PB,-7.11509,-34.8641
João Pinheiro,MG,-17.7398,-46.1715
João Ramalho,SP,-22.2473,-50.7694
Joaquim Felício,MG,-17.758,-44.1643
Joaquim Gomes,AL,-9.1328,-35.7474
Joaquim Nabuco,PE,-8.62281,-35.5288
Joaquim Pires,PI,-3.50164,-42.1865
Joaquim Távora,PR,-23.4987,-49.909
Joca Claudino,PB,-6.48362,-38.4764
Joca Marques,PI,-3.4804,-42.4255
Jóia,RS,-28.6435,-54.1141
Joinville,SC,-26.3045,-48.8487
Jordânia,MG,-15.9009,-40.1841
Jordão,AC,-9.1908,-71.9503
José Boiteux,SC,-26.9566,-49.6286
José Bonifácio,SP,-21.0551,-49.6892
José da Penha,RN,-6.31095,-38.2823
José de Freitas,PI,-4.75146,-42.5746
José Gonçalves de Minas,MG,-16.9053,-42.6014
José Raydan,MG,-18.2195,-42.4946
Joselândia,MA,-4.98611,-44.6958
Josenópolis,MG,-16.5417,-42.5151
Joviânia,GO,-17.802,-49.6197
Juara,MT,-11.2639,-57.5244
Juarez Távora,PB,-7.1713,-35.5686
Juarina,TO,-8.11951,-49.0643
Juatuba,MG,-19.9448,-44.3451
Juazeirinho,PB,-7.06092,-36.5793
Juazeiro,BA,-9.41622,-40.5033
Juazeiro do Norte,CE,-7.19621,-39.3076
Juazeiro do Piauí,PI,-5.17459,-41.6976
Jucás,CE,-6.51523,-39.5187
Jucati,PE,-8.70195,-36.4871
Jucuruçu,BA,-16.8488,-40.1641
Jucurutu,RN,-6.0306,-37.009
Juína,MT,-11.3728,-58.7483
Juiz de Fora,MG,-21.7595,-43.3398
Júlio Borges,PI,-10.3225,-44.2381
Júlio de Castilhos,RS,-29.2299,-53.6772
Júlio Mesquita,SP,-22.0112,-49.7873
Jumirim,SP,-23.0884,-47.7868
Junco do Maranhão,MA,-1.83888,-46.09
Junco do Seridó,PB,-6.99269,-36.7166
Jundiá,RN,-6.26866,-35.3495
Jundiá,AL,-8.93297,-35.5669
Jundiaí,SP,-23.1852,-46.8974
Jundiaí do Sul,PR,-23.4357,-50.2496
Junqueiro,AL,-9.90696,-36.4803
Junqueirópolis,SP,-21.5103,-51.4342
Jupi,PE,-8.70904,-36.4126
Jupiá,SC,-26.395,-52.7298
Juquiá,SP,-24.3101,-47.6426
Juquitiba,SP,-23.9244,-47.0653
Juramento,MG,-16.8473,-43.5865
Juranda,PR,-24.4209,-52.8413
Jurema,PE,-8.70714,-36.1347
Jurema,PI,-9.21992,-43.1337
Juripiranga,PB,-7.36176,-35.2321
Juru,PB,-7.52983,-37.815
Juruá,AM,-3.48438,-66.0718
Juruaia,MG,-21.2493,-46.5735
Juruena,MT,-10.3178,-58.3592
Juruti,PA,-2.16347,-56.0889
Juscimeira,MT,-16.0633,-54.8859
Jussara,BA,-11.0431,-41.9702
Jussara,GO,-15.8659,-50.8668
Jussara,PR,-23.6219,-52.4693
Jussari,BA,-15.192,-39.491
Jussiape,BA,-13.5155,-41.5882
Jutaí,AM,-2.75814,-66.7595
Juti,MS,-22.8596,-54.6061
Juvenília,MG,-14.2662,-44.1597
Kaloré,PR,-23.8188,-51.6687
Lábrea,AM,-7.26413,-64.7948
Lacerdópolis,SC,-27.2579,-51.5577
Ladainha,MG,-17.6279,-41.7488
Ladário,MS,-19.0089,-57.5973
Lafaiete Coutinho,BA,-13.6541,-40.2119
Lagamar,MG,-18.1759,-46.8063
Lagarto,SE,-10.9136,-37.6689
Lages,SC,-27.815,-50.3259
Lago da Pedra,MA,-4.56974,-45.1319
Lago do Junco,MA,-4.609,-45.049
Lago dos Rodrigues,MA,-4.61173,-44.9798
Lago Verde,MA,-3.94661,-44.826
Lagoa,PB,-6.58572,-37.9127
Lagoa Alegre,PI,-4.51539,-42.6309
Lagoa Bonita do Sul,RS,-29.4939,-53.017
Lagoa d'Anta,RN,-6.39493,-35.5949
Lagoa da Canoa,AL,-9.83291,-36.7413
Lagoa da Confusão,TO,-10.7906,-49.6199
Lagoa da Prata,MG,-20.0237,-45.5401
Lagoa de Dentro,PB,-6.67213,-35.3706
Lagoa de Itaenga,PE,-7.93005,-35.2874
Lagoa de Pedras,RN,-6.15082,-35.4299
Lagoa de São Francisco,PI,-4.38505,-41.5969
Lagoa de Velhos,RN,-6.0119,-35.8729
Lagoa do Barro do Piauí,PI,-8.47673,-41.5342
Lagoa do Carro,PE,-7.84383,-35.3108
Lagoa do Mato,MA,-6.05023,-43.5333
Lagoa do Ouro,PE,-9.12567,-36.4584
Lagoa do Piauí,PI,-5.41864,-42.6437
Lagoa do Sítio,PI,-6.50766,-41.5653
Lagoa do Tocantins,TO,-10.368,-47.538
Lagoa dos Gatos,PE,-8.6602,-35.904
Lagoa dos Patos,MG,-16.978,-44.5754
Lagoa dos Três Cantos,RS,-28.5676,-52.8618
Lagoa Dourada,MG,-20.9139,-44.0797
Lagoa Formosa,MG,-18.7715,-46.4012
Lagoa Grande,MG,-17.8323,-46.5165
Lagoa Grande,PE,-8.99452,-40.2767
Lagoa Grande do Maranhão,MA,-4.98893,-45.3816
Lagoa Nova,RN,-6.09339,-36.4703
Lagoa Real,BA,-14.0334,-42.1328
Lagoa Salgada,RN,-6.12295,-35.4724
Lagoa Santa,GO,-19.1832,-51.3998
Lagoa Santa,MG,-19.6397,-43.8932
Lagoa Seca,PB,-7.15535,-35.8491
Lagoa Vermelha,RS,-28.2093,-51.5248
Lagoão,RS,-29.2348,-52.7997
Lagoinha,SP,-23.0846,-45.1944
Lagoinha do Piauí,PI,-5.83074,-42.6223
Laguna,SC,-28.4843,-48.7772
Laguna Carapã,MS,-22.5448,-55.1502
Laje,BA,-13.1673,-39.4213
Laje do Muriaé,RJ,-21.2091,-42.1271
Lajeado,TO,-9.74996,-48.3565
Lajeado,RS,-29.4591,-51.9644
Lajeado do Bugre,RS,-27.6913,-53.1818
Lajeado Grande,SC,-26.8576,-52.5648
Lajeado Novo,MA,-6.18539,-47.0293
Lajedão,BA,-17.6056,-40.3383
Lajedinho,BA,-12.3529,-40.9048
Lajedo,PE,-8.65791,-36.3293
Lajedo do Tabocal,BA,-13.4663,-40.2204
Lajes,RN,-5.69322,-36.247
Lajes Pintadas,RN,-6.14943,-36.1171
Lajinha,MG,-20.1539,-41.6228
Lamarão,BA,-11.773,-38.887
Lambari,MG,-21.9671,-45.3498
Lambari D'Oeste,MT,-15.3188,-58.0046
Lamim,MG,-20.79,-43.4706
Landri Sales,PI,-7.25922,-43.9364
Lapa,PR,-25.7671,-49.7168
Lapão,BA,-11.3851,-41.8286
Laranja da Terra,ES,-19.8994,-41.0621
Laranjal,MG,-21.3715,-42.4732
Laranjal,PR,-24.8862,-52.47
Laranjal do Jari,AP,-0.804911,-52.453
Laranjal Paulista,SP,-23.0506,-47.8375
Laranjeiras,SE,-10.7981,-37.1731
Laranjeiras do Sul,PR,-25.4077,-52.4109
Lassance,MG,-17.887,-44.5735
Lastro,PB,-6.50603,-38.1742
Laurentino,SC,-27.2173,-49.7331
Lauro de Freitas,BA,-12.8978,-38.321
Lauro Muller,SC,-28.3859,-49.4035
Lavandeira,TO,-12.7847,-46.5099
Lavínia,SP,-21.1639,-51.0412
Lavras,MG,-21.248,-45.0009
Lavras da Mangabeira,CE,-6.7448,-38.9706
Lavras do Sul,RS,-30.8071,-53.8931
Lavrinhas,SP,-22.57,-44.9024
Leandro Ferreira,MG,-19.7193,-45.0279
Lebon Régis,SC,-26.928,-50.6921
Leme,SP,-22.1809,-47.3841
Leme do Prado,MG,-17.0793,-42.6936
Lençóis,BA,-12.5616,-41.3928
Lençóis Paulista,SP,-22.6027,-48.8037
Leoberto Leal,SC,-27.5081,-49.2789
Leopoldina,MG,-21.5296,-42.6421
Leopoldo de Bulhões,GO,-16.619,-48.7428
Leópolis,PR,-23.0818,-50.7511
Liberato Salzano,RS,-27.601,-53.0753
Liberdade,MG,-22.0275,-44.3208
Licínio de Almeida,BA,-14.6842,-42.5095
Lidianópolis,PR,-24.11,-51.6506
Lima Campos,MA,-4.51837,-44.4646
Lima Duarte,MG,-21.8386,-43.7934
Limeira,SP,-22.566,-47.397
Limeira do Oeste,MG,-19.5512,-50.5815
Limoeiro,PE,-7.8726,-35.4402
Limoeiro de Anadia,AL,-9.74098,-36.5121
Limoeiro do Ajuru,PA,-1.8985,-49.3903
Limoeiro do Norte,CE,-5.14392,-38.0847
Lindoeste,PR,-25.2596,-53.5733
Lindóia,SP,-22.5226,-46.65
Lindóia do Sul,SC,-27.0545,-52.069
Lindolfo Collor,RS,-29.5859,-51.2141
Linha Nova,RS,-29.4679,-51.2003
Linhares,ES,-19.3946,-40.0643
Lins,SP,-21.6718,-49.7526
Livramento,PB,-7.37113,-36.9491
Livramento de Nossa Senhora,BA,-13.6369,-41.8432
Lizarda,TO,-9.59002,-46.6738
Loanda,PR,-22.9232,-53.1362
Lobato,PR,-23.0058,-51.9524
Logradouro,PB,-6.61191,-35.4384
Londrina,PR,-23.304,-51.1691
Lontra,MG,-15.9013,-44.306
Lontras,SC,-27.1684,-49.535
Lorena,SP,-22.7334,-45.1197
Loreto,MA,-7.08111,-45.1451
Lourdes,SP,-20.966,-50.2263
Louveira,SP,-23.0856,-46.9484
Lucas do Rio Verde,MT,-13.0588,-55.9042
Lucélia,SP,-21.7182,-51.0215
Lucena,PB,-6.90258,-34.8748
Lucianópolis,SP,-22.4294,-49.522
Luciara,MT,-11.2219,-50.6676
Lucrécia,RN,-6.10525,-37.8134
Luís Antônio,SP,-21.55,-47.7801
Luís Correia,PI,-2.88438,-41.6641
Luís Domingues,MA,-1.27492,-45.867
Luís Eduardo Magalhães,BA,-12.0956,-45.7866
Luís Gomes,RN,-6.40588,-38.3899
Luisburgo,MG,-20.4468,-42.0976
Luislândia,MG,-16.1095,-44.5886
Luiz Alves,SC,-26.7151,-48.9322
Luiziana,PR,-24.2853,-52.269
Luiziânia,SP,-21.6737,-50.3294
Luminárias,MG,-21.5145,-44.9034
Lunardelli,PR,-24.0821,-51.7368
Lupércio,SP,-22.4146,-49.818
Lupionópolis,PR,-22.755,-51.6601
Lutécia,SP,-22.3384,-50.394
Luz,MG,-19.7911,-45.6794
Luzerna,SC,-27.1304,-51.4682
Luziânia,GO,-16.253,-47.95
Luzilândia,PI,-3.4683,-42.3718
Luzinópolis,TO,-6.17794,-47.8582
Macaé,RJ,-22.3768,-41.7848
Macaíba,RN,-5.85229,-35.3552
Macajuba,BA,-12.1326,-40.3571
Maçambará,RS,-29.1445,-56.0674
Macambira,SE,-10.6619,-37.5413
Macapá,AP,0.034934,-51.0694
Macaparana,PE,-7.55564,-35.4425
Macarani,BA,-15.5646,-40.4209
Macatuba,SP,-22.5002,-48.7102
Macau,RN,-5.10795,-36.6318
Macaubal,SP,-20.8022,-49.9687
Macaúbas,BA,-13.0186,-42.6945
Macedônia,SP,-20.1444,-50.1973
Maceió,AL,-9.66599,-35.735
Machacalis,MG,-17.0723,-40.7245
Machadinho,RS,-27.5667,-51.6668
Machadinho D'Oeste,RO,-9.44363,-61.9818
Machado,MG,-21.6778,-45.9219
Machados,PE,-7.68827,-35.5114
Macieira,SC,-26.8552,-51.3705
Macuco,RJ,-21.9813,-42.2533
Macururé,BA,-9.16226,-39.0518
Madalena,CE,-4.84601,-39.5725
Madeiro,PI,-3.48624,-42.4981
Madre de Deus,BA,-12.7446,-38.6153
Madre de Deus de Minas,MG,-21.483,-44.3287
Mãe d'Água,PB,-7.25201,-37.4322
Mãe do Rio,PA,-2.05683,-47.5601
Maetinga,BA,-14.6623,-41.4915
Mafra,SC,-26.1159,-49.8086
Magalhães Barata,PA,-0.803391,-47.6014
Magalhães de Almeida,MA,-3.39232,-42.2117
Magda,SP,-20.6445,-50.2305
Magé,RJ,-22.6632,-43.0315
Maiquinique,BA,-15.624,-40.2587
Mairi,BA,-11.7107,-40.1437
Mairinque,SP,-23.5398,-47.185
Mairiporã,SP,-23.3171,-46.5897
Mairipotaba,GO,-17.2975,-49.4898
Major Gercino,SC,-27.4192,-48.9488
Major Isidoro,AL,-9.53009,-36.992
Major Sales,RN,-6.39949,-38.324
Major Vieira,SC,-26.3709,-50.3266
Malacacheta,MG,-17.8456,-42.0769
Malhada,BA,-14.3371,-43.7686
Malhada de Pedras,BA,-14.3847,-41.8842
Malhada dos Bois,SE,-10.3418,-36.9252
Malhador,SE,-10.6649,-37.3004
Mallet,PR,-25.8806,-50.8173
Malta,PB,-6.89719,-37.5221
Mamanguape,PB,-6.8337,-35.1213
Mambaí,GO,-14.4823,-46.1165
Mamborê,PR,-24.317,-52.5271
Mamonas,MG,-15.0479,-42.9469
Mampituba,RS,-29.2136,-49.9311
Manacapuru,AM,-3.29066,-60.6216
Manaíra,PB,-7.70331,-38.1523
Manaquiri,AM,-3.44078,-60.4612
Manari,PE,-8.9649,-37.6313
Manaus,AM,-3.11866,-60.0212
Mâncio Lima,AC,-7.61657,-72.8997
Mandaguaçu,PR,-23.3458,-52.0944
Mandaguari,PR,-23.5446,-51.671
Mandirituba,PR,-25.777,-49.3282
Manduri,SP,-23.0056,-49.3202
Manfrinópolis,PR,-26.1441,-53.3113
Manga,MG,-14.7529,-43.9391
Mangaratiba,RJ,-22.9594,-44.0409
Mangueirinha,PR,-25.9421,-52.1743
Manhuaçu,MG,-20.2572,-42.028
Manhumirim,MG,-20.3591,-41.9589
Manicoré,AM,-5.80462,-61.2895
Manoel Emídio,PI,-8.01234,-43.8755
Manoel Ribas,PR,-24.5144,-51.6658
Manoel Urbano,AC,-8.83291,-69.2679
Manoel Viana,RS,-29.5859,-55.4841
Manoel Vitorino,BA,-14.1476,-40.2399
Mansidão,BA,-10.7227,-44.0428
Mantena,MG,-18.7761,-40.9874
Mantenópolis,ES,-18.8594,-41.124
Maquiné,RS,-29.6798,-50.2079
Mar de Espanha,MG,-21.8707,-43.0062
Mar Vermelho,AL,-9.44739,-36.3881
Mara Rosa,GO,-14.0148,-49.1777
Maraã,AM,-1.85313,-65.573
Marabá,PA,-5.38075,-49.1327
Marabá Paulista,SP,-22.1068,-51.9617
Maracaçumé,MA,-2.04918,-45.9587
Maracaí,SP,-22.6149,-50.6713
Maracajá,SC,-28.8463,-49.4605
Maracaju,MS,-21.6105,-55.1678
Maracanã,PA,-0.778899,-47.452
Maracanaú,CE,-3.86699,-38.6259
Maracás,BA,-13.4355,-40.4323
Maragogi,AL,-9.00744,-35.2267
Maragogipe,BA,-12.776,-38.9175
Maraial,PE,-8.79062,-35.8266
Marajá do Sena,MA,-4.62806,-45.4531
Maranguape,CE,-3.89143,-38.6829
Maranhãozinho,MA,-2.24078,-45.8507
Marapanim,PA,-0.714702,-47.7034
Marapoama,SP,-21.2587,-49.13
Maratá,RS,-29.5457,-51.5573
Marataízes,ES,-21.0398,-40.8384
Marau,RS,-28.4498,-52.1986
Maraú,BA,-14.1035,-39.0137
Maravilha,AL,-9.23045,-37.3524
Maravilha,SC,-26.7665,-53.1737
Maravilhas,MG,-19.5076,-44.6779
Marcação,PB,-6.76535,-35.0087
Marcelândia,MT,-11.0463,-54.4377
Marcelino Ramos,RS,-27.4676,-51.9095
Marcelino Vieira,RN,-6.2846,-38.1642
Marcionílio Souza,BA,-13.0064,-40.5295
Marco,CE,-3.1285,-40.1582
Marcolândia,PI,-7.44169,-40.6602
Marcos Parente,PI,-7.11565,-43.8926
Marechal Cândido Rondon,PR,-24.557,-54.0571
Marechal Deodoro,AL,-9.70971,-35.8967
Marechal Floriano,ES,-20.4159,-40.67
Marechal Thaumaturgo,AC,-8.93898,-72.7997
Marema,SC,-26.8024,-52.6264
Mari,PB,-7.05942,-35.318
Maria da Fé,MG,-22.3044,-45.3773
Maria Helena,PR,-23.6158,-53.2053
Marialva,PR,-23.4843,-51.7928
Mariana,MG,-20.3765,-43.414
Mariana Pimentel,RS,-30.353,-51.5803
Mariano Moro,RS,-27.3568,-52.1467
Marianópolis do Tocantins,TO,-9.79377,-49.6553
Mariápolis,SP,-21.7959,-51.1824
Maribondo,AL,-9.58353,-36.3045
Maricá,RJ,-22.9354,-42.8246
Marilac,MG,-18.5079,-42.0822
Marilândia,ES,-19.4114,-40.5456
Marilândia do Sul,PR,-23.7425,-51.3137
Marilena,PR,-22.7336,-53.0402
Marília,SP,-22.2171,-49.9501
Mariluz,PR,-24.0089,-53.1432
Maringá,PR,-23.4205,-51.9333
Marinópolis,SP,-20.4389,-50.8254
Mário Campos,MG,-20.0582,-44.1883
Mariópolis,PR,-26.355,-52.5532
Maripá,PR,-24.42,-53.8286
Maripá de Minas,MG,-21.6979,-42.9546
Marituba,PA,-1.36002,-48.3421
Marizópolis,PB,-6.82748,-38.3528
Marliéria,MG,-19.7096,-42.7327
Marmeleiro,PR,-26.1472,-53.0267
Marmelópolis,MG,-22.447,-45.1645
Marques de Souza,RS,-29.3311,-52.0973
Marquinho,PR,-25.112,-52.2497
Martinho Campos,MG,-19.3306,-45.2434
Martinópole,CE,-3.2252,-40.6896
Martinópolis,SP,-22.1462,-51.1709
Martins,RN,-6.08279,-37.908
Martins Soares,MG,-20.2546,-41.8786
Maruim,SE,-10.7308,-37.0856
Marumbi,PR,-23.7058,-51.6404
Marzagão,GO,-17.983,-48.6415
Mascote,BA,-15.5542,-39.3016
Massapê,CE,-3.52364,-40.3423
Massapê do Piauí,PI,-7.47469,-41.1103
Massaranduba,PB,-7.18995,-35.7848
Massaranduba,SC,-26.6109,-49.0054
Mata,RS,-29.5649,-54.4641
Mata de São João,BA,-12.5307,-38.3009
Mata Grande,AL,-9.11824,-37.7323
Mata Roma,MA,-3.62035,-43.1112
Mata Verde,MG,-15.6869,-40.7366
Matão,SP,-21.6025,-48.364
Mataraca,PB,-6.59673,-35.0531
Mateiros,TO,-10.5464,-46.4168
Matelândia,PR,-25.2496,-53.9935
Materlândia,MG,-18.4699,-43.0579
Mateus Leme,MG,-19.9794,-44.4318
Mathias Lobato,MG,-18.59,-41.9166
Matias Barbosa,MG,-21.869,-43.3135
Matias Cardoso,MG,-14.8563,-43.9146
Matias Olímpio,PI,-3.71492,-42.5507
Matina,BA,-13.9109,-42.8439
Matinha,MA,-3.09849,-45.035
Matinhas,PB,-7.12486,-35.7669
Matinhos,PR,-25.8237,-48.549
Matipó,MG,-20.2873,-42.3401
Mato Castelhano,RS,-28.28,-52.1932
Mato Grosso,PB,-6.54018,-37.7279
Mato Leitão,RS,-29.5285,-52.1278
Mato Queimado,RS,-28.252,-54.6159
Mato Rico,PR,-24.6995,-52.1454
Mato Verde,MG,-15.3944,-42.86
Matões,MA,-5.51359,-43.2018
Matões do Norte,MA,-3.6244,-44.5468
Matos Costa,SC,-26.4709,-51.1501
Matozinhos,MG,-19.5543,-44.0868
Matrinchã,GO,-15.4342,-50.7456
Matriz de Camaragibe,AL,-9.15437,-35.5243
Matupá,MT,-10.1821,-54.9467
Maturéia,PB,-7.26188,-37.351
Matutina,MG,-19.2179,-45.9664
Mauá,SP,-23.6677,-46.4613
Mauá da Serra,PR,-23.8988,-51.2277
Maués,AM,-3.39289,-57.7067
Maurilândia,GO,-17.9719,-50.3388
Maurilândia do Tocantins,TO,-5.95169,-47.5125
Mauriti,CE,-7.38597,-38.7708
Maxaranguape,RN,-5.52181,-35.2631
Maximiliano de Almeida,RS,-27.6325,-51.802
Mazagão,AP,-0.11336,-51.2891
Medeiros,MG,-19.9865,-46.2181
Medeiros Neto,BA,-17.3707,-40.2238
Medianeira,PR,-25.2977,-54.0943
Medicilândia,PA,-3.44637,-52.8875
Medina,MG,-16.2245,-41.4728
Meleiro,SC,-28.8244,-49.6378
Melgaço,PA,-1.8032,-50.7149
Mendes,RJ,-22.5245,-43.7312
Mendes Pimentel,MG,-18.6631,-41.4052
Mendonça,SP,-21.1757,-49.5791
Mercedes,PR,-24.4538,-54.1618
Mercês,MG,-21.1976,-43.3337
Meridiano,SP,-20.3579,-50.1811
Meruoca,CE,-3.53974,-40.4531
Mesópolis,SP,-19.9684,-50.6326
Mesquita,RJ,-22.8028,-43.4601
Mesquita,MG,-19.224,-42.6079
Messias,AL,-9.39384,-35.8392
Messias Targino,RN,-6.07194,-37.5158
Miguel Alves,PI,-4.16857,-42.8963
Miguel Calmon,BA,-11.4299,-40.6031
Miguel Leão,PI,-5.68077,-42.7436
Miguel Pereira,RJ,-22.4572,-43.4803
Miguelópolis,SP,-20.1796,-48.031
Milagres,CE,-7.29749,-38.9378
Milagres,BA,-12.8646,-39.8611
Milagres do Maranhão,MA,-3.57443,-42.6131
Milhã,CE,-5.67252,-39.1875
Milton Brandão,PI,-4.68295,-41.4173
Mimoso de Goiás,GO,-15.0515,-48.1611
Mimoso do Sul,ES,-21.0628,-41.3615
Minaçu,GO,-13.5304,-48.2206
Minador do Negrão,AL,-9.31236,-36.8696
Minas do Leão,RS,-30.1346,-52.0423
Minas Novas,MG,-17.2156,-42.5884
Minduri,MG,-21.6797,-44.6051
Mineiros,GO,-17.5654,-52.5537
Mineiros do Tietê,SP,-22.412,-48.451
Ministro Andreazza,RO,-11.196,-61.5174
Mira Estrela,SP,-19.9789,-50.139
Mirabela,MG,-16.256,-44.1602
Miracatu,SP,-24.2766,-47.4625
Miracema,RJ,-21.4148,-42.1938
Miracema do Tocantins,TO,-9.56556,-48.393
Mirador,MA,-6.37454,-44.3683
Mirador,PR,-23.255,-52.7761
Miradouro,MG,-20.8899,-42.3458
Miraguaí,RS,-27.497,-53.6891
Miraí,MG,-21.2021,-42.6122
Miraíma,CE,-3.56867,-39.9663
Miranda,MS,-20.2355,-56.3746
Miranda do Norte,MA,-3.56313,-44.5814
Mirandiba,PE,-8.12113,-38.7388
Mirandópolis,SP,-21.1313,-51.1035
Mirangaba,BA,-10.961,-40.574
Miranorte,TO,-9.52907,-48.5922
Mirante,BA,-14.2385,-40.7718
Mirante da Serra,RO,-11.029,-62.6696
Mirante do Paranapanema,SP,-22.2904,-51.9084
Miraselva,PR,-22.9657,-51.4846
Mirassol,SP,-20.8169,-49.5206
Mirassol d'Oeste,MT,-15.6759,-58.0951
Mirassolândia,SP,-20.6179,-49.4617
Miravânia,MG,-14.7348,-44.4092
Mirim Doce,SC,-27.197,-50.0786
Mirinzal,MA,-2.07094,-44.7787
Missal,PR,-25.0919,-54.2477
Missão Velha,CE,-7.23522,-39.143
Mocajuba,PA,-2.5831,-49.5042
Mococa,SP,-21.4647,-47.0024
Modelo,SC,-26.7729,-53.04
Moeda,MG,-20.3399,-44.0509
Moema,MG,-19.8387,-45.4127
Mogeiro,PB,-7.28517,-35.4832
Mogi das Cruzes,SP,-23.5208,-46.1854
Mogi Guaçu,SP,-22.3675,-46.9428
Mogi Mirim,SP,-22.4332,-46.9532
Moiporá,GO,-16.5434,-50.739
Moita Bonita,SE,-10.5769,-37.3512
Moju,PA,-1.88993,-48.7668
Mojuí dos Campos,PA,-2.6822,-54.6425
Mombaça,CE,-5.73844,-39.63
Mombuca,SP,-22.9285,-47.559
Monção,MA,-3.48125,-45.2496
Monções,SP,-20.8509,-50.0975
Mondaí,SC,-27.1008,-53.4032
Mongaguá,SP,-24.0809,-46.6265
Monjolos,MG,-18.3245,-44.118
Monsenhor Gil,PI,-5.562,-42.6075
Monsenhor Hipólito,PI,-6.99275,-41.026
Monsenhor Paulo,MG,-21.7579,-45.5391
Monsenhor Tabosa,CE,-4.79102,-40.0646
Montadas,PB,-7.08848,-35.9592
Montalvânia,MG,-14.4197,-44.3719
Montanha,ES,-18.1303,-40.3668
Montanhas,RN,-6.48522,-35.2842
Montauri,RS,-28.6462,-52.0767
Monte Alegre,PA,-1.99768,-54.0724
Monte Alegre,RN,-6.07063,-35.3253
Monte Alegre de Goiás,GO,-13.2552,-46.8928
Monte Alegre de Minas,MG,-18.869,-48.881
Monte Alegre de Sergipe,SE,-10.0256,-37.5616
Monte Alegre do Piauí,PI,-9.75364,-45.3037
Monte Alegre do Sul,SP,-22.6817,-46.681
Monte Alegre dos Campos,RS,-28.6805,-50.7834
Monte Alto,SP,-21.2655,-48.4971
Monte Aprazível,SP,-20.768,-49.7184
Monte Azul,MG,-15.1514,-42.8718
Monte Azul Paulista,SP,-20.9065,-48.6387
Monte Belo,MG,-21.3271,-46.3635
Monte Belo do Sul,RS,-29.1607,-51.6333
Monte Carlo,SC,-27.2239,-50.9808
Monte Carmelo,MG,-18.7302,-47.4912
Monte Castelo,SC,-26.461,-50.2327
Monte Castelo,SP,-21.2981,-51.5679
Monte das Gameleiras,RN,-6.43698,-35.7831
Monte do Carmo,TO,-10.7611,-48.1114
Monte Formoso,MG,-16.8691,-41.2473
Monte Horebe,PB,-7.20402,-38.5838
Monte Mor,SP,-22.945,-47.3122
Monte Negro,RO,-10.2458,-63.29
Monte Santo,BA,-10.4374,-39.3321
Monte Santo de Minas,MG,-21.1873,-46.9753
Monte Santo do Tocantins,TO,-10.0075,-48.9941
Monte Sião,MG,-22.4335,-46.573
Monteiro,PB,-7.88363,-37.1184
Monteiro Lobato,SP,-22.9544,-45.8407
Monteirópolis,AL,-9.60357,-37.2505
Montenegro,RS,-29.6824,-51.4679
Montes Altos,MA,-5.83067,-47.0673
Montes Claros,MG,-16.7282,-43.8578
Montes Claros de Goiás,GO,-16.0059,-51.3979
Montezuma,MG,-15.1702,-42.4941
Montividiu,GO,-17.4439,-51.1728
Montividiu do Norte,GO,-13.3485,-48.6853
Morada Nova,CE,-5.09736,-38.3702
Morada Nova de Minas,MG,-18.5998,-45.3584
Moraújo,CE,-3.46311,-40.6776
Moreilândia,PE,-7.61931,-39.546
Moreira Sales,PR,-24.0509,-53.0102
Moreno,PE,-8.10871,-35.0835
Mormaço,RS,-28.6968,-52.6999
Morpará,BA,-11.5569,-43.2766
Morretes,PR,-25.4744,-48.8345
Morrinhos,GO,-17.7334,-49.1059
Morrinhos,CE,-3.23426,-40.1233
Morrinhos do Sul,RS,-29.3578,-49.9328
Morro Agudo,SP,-20.7288,-48.0581
Morro Agudo de Goiás,GO,-15.3184,-50.0553
Morro Cabeça no Tempo,PI,-9.71891,-43.9072
Morro da Fumaça,SC,-28.6511,-49.2169
Morro da Garça,MG,-18.5356,-44.601
Morro do Chapéu,BA,-11.5488,-41.1565
Morro do Chapéu do Piauí,PI,-3.73337,-42.3024
Morro do Pilar,MG,-19.2236,-43.3795
Morro Grande,SC,-28.8006,-49.7214
Morro Redondo,RS,-31.5887,-52.6261
Morro Reuter,RS,-29.5379,-51.0811
Morros,MA,-2.85379,-44.0357
Mortugaba,BA,-15.0225,-42.3727
Morungaba,SP,-22.8811,-46.7896
Mossâmedes,GO,-16.124,-50.2136
Mossoró,RN,-5.18374,-37.3474
Mostardas,RS,-31.1054,-50.9167
Motuca,SP,-21.5103,-48.1538
Mozarlândia,GO,-14.7457,-50.5713
Muaná,PA,-1.53936,-49.2224
Mucajaí,RR,2.43998,-60.9096
Mucambo,CE,-3.90271,-40.7452
Mucugê,BA,-13.0053,-41.3703
Muçum,RS,-29.163,-51.8714
Mucuri,BA,-18.0754,-39.5565
Mucurici,ES,-18.0965,-40.52
Muitos Capões,RS,-28.3132,-51.1836
Muliterno,RS,-28.3253,-51.7697
Mulungu,PB,-7.02525,-35.46
Mulungu,CE,-4.30294,-38.9951
Mulungu do Morro,BA,-11.9648,-41.6374
Mundo Novo,BA,-11.8541,-40.4714
Mundo Novo,MS,-23.9355,-54.281
Mundo Novo,GO,-13.7729,-50.2814
Munhoz,MG,-22.6092,-46.362
Munhoz de Melo,PR,-23.1487,-51.7737
Muniz Ferreira,BA,-13.0092,-39.1092
Muniz Freire,ES,-20.4652,-41.4156
Muquém de São Francisco,BA,-12.065,-43.5497
Muqui,ES,-20.9509,-41.346
Muriaé,MG,-21.13,-42.3693
Muribeca,SE,-10.4271,-36.9588
Murici,AL,-9.30682,-35.9428
Murici dos Portelas,PI,-3.319,-42.094
Muricilândia,TO,-7.14669,-48.6091
Muritiba,BA,-12.6329,-38.9921
Murutinga do Sul,SP,-20.9908,-51.2774
Mutuípe,BA,-13.2284,-39.5044
Mutum,MG,-19.8121,-41.4407
Mutunópolis,GO,-13.7303,-49.2745
Muzambinho,MG,-21.3692,-46.5213
Nacip Raydan,MG,-18.4544,-42.2481
Nantes,SP,-22.6156,-51.24
Nanuque,MG,-17.8481,-40.3533
Não-Me-Toque,RS,-28.4548,-52.8182
Naque,MG,-19.2291,-42.3312
Narandiba,SP,-22.4057,-51.5274
Natal,RN,-5.79357,-35.1986
Natalândia,MG,-16.5021,-46.4874
Natércia,MG,-22.1158,-45.5123
Natividade,TO,-11.7034,-47.7223
Natividade,RJ,-21.039,-41.9697
Natividade da Serra,SP,-23.3707,-45.4468
Natuba,PB,-7.63514,-35.5586
Navegantes,SC,-26.8943,-48.6546
Naviraí,MS,-23.0618,-54.1995
Nazaré,BA,-13.0235,-39.0108
Nazaré,TO,-6.37496,-47.6643
Nazaré da Mata,PE,-7.74149,-35.2193
Nazaré do Piauí,PI,-6.97023,-42.6773
Nazaré Paulista,SP,-23.1747,-46.3983
Nazareno,MG,-21.2168,-44.6138
Nazarezinho,PB,-6.9114,-38.322
Nazária,PI,-5.35128,-42.8153
Nazário,GO,-16.5808,-49.8817
Neópolis,SE,-10.3215,-36.585
Nepomuceno,MG,-21.2324,-45.235
Nerópolis,GO,-16.4047,-49.2227
Neves Paulista,SP,-20.843,-49.6358
Nhamundá,AM,-2.20793,-56.7112
Nhandeara,SP,-20.6945,-50.0436
Nicolau Vergueiro,RS,-28.5298,-52.4676
Nilo Peçanha,BA,-13.604,-39.1091
Nilópolis,RJ,-22.8057,-43.4233
Nina Rodrigues,MA,-3.46788,-43.9134
Ninheira,MG,-15.3148,-41.7564
Nioaque,MS,-21.1419,-55.8296
Nipoã,SP,-20.9114,-49.7833
Niquelândia,GO,-14.4662,-48.4599
Nísia Floresta,RN,-6.09329,-35.1991
Niterói,RJ,-22.8832,-43.1034
Nobres,MT,-14.7192,-56.3284
Nonoai,RS,-27.3689,-52.7756
Nordestina,BA,-10.8192,-39.4297
Normandia,RR,3.8853,-59.6204
Nortelândia,MT,-14.454,-56.7945
Nossa Senhora Aparecida,SE,-10.3944,-37.4517
Nossa Senhora da Glória,SE,-10.2158,-37.4211
Nossa Senhora das Dores,SE,-10.4854,-37.1963
Nossa Senhora das Graças,PR,-22.9129,-51.7978
Nossa Senhora de Lourdes,SE,-10.0772,-37.0615
Nossa Senhora de Nazaré,PI,-4.63019,-42.173
Nossa Senhora do Livramento,MT,-15.772,-56.3432
Nossa Senhora do Socorro,SE,-10.8468,-37.1231
Nossa Senhora dos Remédios,PI,-3.97574,-42.6184
Nova Aliança,SP,-21.0156,-49.4986
Nova Aliança do Ivaí,PR,-23.1763,-52.6032
Nova Alvorada,RS,-28.6822,-52.1631
Nova Alvorada do Sul,MS,-21.4657,-54.3825
Nova América,GO,-15.0206,-49.8953
Nova América da Colina,PR,-23.3308,-50.7168
Nova Andradina,MS,-22.238,-53.3437
Nova Araçá,RS,-28.6537,-51.7458
Nova Aurora,PR,-24.5289,-53.2575
Nova Aurora,GO,-18.0597,-48.2552
Nova Bandeirantes,MT,-9.84977,-57.8139
Nova Bassano,RS,-28.7291,-51.7072
Nova Belém,MG,-18.4925,-41.1107
Nova Boa Vista,RS,-27.9926,-52.9784
Nova Brasilândia,MT,-14.9612,-54.9685
Nova Brasilândia D'Oeste,RO,-11.7247,-62.3127
Nova Bréscia,RS,-29.2182,-52.0319
Nova Campina,SP,-24.1224,-48.9022
Nova Canaã,BA,-14.7912,-40.1458
Nova Canaã do Norte,MT,-10.558,-55.953
Nova Canaã Paulista,SP,-20.3836,-50.9483
Nova Candelária,RS,-27.6137,-54.1074
Nova Cantu,PR,-24.6723,-52.5661
Nova Castilho,SP,-20.7615,-50.3477
Nova Colinas,MA,-7.12263,-46.2607
Nova Crixás,GO,-14.0957,-50.33
Nova Cruz,RN,-6.47511,-35.4286
Nova Era,MG,-19.7577,-43.0333
Nova Erechim,SC,-26.8982,-52.9066
Nova Esperança,PR,-23.182,-52.2031
Nova Esperança do Piriá,PA,-2.26693,-46.9731
Nova Esperança do Sudoeste,PR,-25.9004,-53.2618
Nova Esperança do Sul,RS,-29.4066,-54.8293
Nova Europa,SP,-21.7765,-48.5705
Nova Fátima,PR,-23.4324,-50.5665
Nova Fátima,BA,-11.6031,-39.6302
Nova Floresta,PB,-6.45056,-36.2057
Nova Friburgo,RJ,-22.2932,-42.5377
Nova Glória,GO,-15.145,-49.5737
Nova Granada,SP,-20.5321,-49.3123
Nova Guarita,MT,-10.312,-55.4061
Nova Guataporanga,SP,-21.332,-51.6447
Nova Hartz,RS,-29.5808,-50.9051
Nova Ibiá,BA,-13.812,-39.6182
Nova Iguaçu,RJ,-22.7556,-43.4603
Nova Iguaçu de Goiás,GO,-14.2868,-49.3872
Nova Independência,SP,-21.1026,-51.4905
Nova Iorque,MA,-6.73047,-44.0471
Nova Ipixuna,PA,-4.91622,-49.0822
Nova Itaberaba,SC,-26.9428,-52.8141
Nova Itarana,BA,-13.0241,-40.0653
Nova Lacerda,MT,-14.4727,-59.6001
Nova Laranjeiras,PR,-25.3054,-52.5447
Nova Lima,MG,-19.9758,-43.8509
Nova Londrina,PR,-22.7639,-52.9868
Nova Luzitânia,SP,-20.856,-50.2617
Nova Mamoré,RO,-10.4077,-65.3346
Nova Marilândia,MT,-14.3568,-56.9696
Nova Maringá,MT,-13.0136,-57.0908
Nova Módica,MG,-18.4417,-41.4984
Nova Monte Verde,MT,-9.99998,-57.5261
Nova Mutum,MT,-13.8374,-56.0743
Nova Nazaré,MT,-13.9486,-51.8002
Nova Odessa,SP,-22.7832,-47.2941
Nova Olímpia,PR,-23.4703,-53.0898
Nova Olímpia,MT,-14.7889,-57.2886
Nova Olinda,TO,-7.63171,-48.4252
Nova Olinda,CE,-7.08415,-39.6713
Nova Olinda,PB,-7.47232,-38.0382
Nova Olinda do Maranhão,MA,-2.84227,-45.6953
Nova Olinda do Norte,AM,-3.90037,-59.094
Nova Pádua,RS,-29.0275,-51.3098
Nova Palma,RS,-29.471,-53.4689
Nova Palmeira,PB,-6.67122,-36.422
Nova Petrópolis,RS,-29.3741,-51.1136
Nova Ponte,MG,-19.1461,-47.6779
Nova Porteirinha,MG,-15.7993,-43.2941
Nova Prata,RS,-28.7799,-51.6113
Nova Prata do Iguaçu,PR,-25.6309,-53.3469
Nova Ramada,RS,-28.0667,-53.6992
Nova Redenção,BA,-12.815,-41.0748
Nova Resende,MG,-21.1286,-46.4157
Nova Roma,GO,-13.7388,-46.8734
Nova Roma do Sul,RS,-28.9882,-51.4095
Nova Rosalândia,TO,-10.5651,-48.9125
Nova Russas,CE,-4.70581,-40.5621
Nova Santa Bárbara,PR,-23.5865,-50.7598
Nova Santa Helena,MT,-10.8651,-55.1872
Nova Santa Rita,RS,-29.8525,-51.2837
Nova Santa Rita,PI,-8.09707,-42.0471
Nova Santa Rosa,PR,-24.4693,-53.9552
Nova Serrana,MG,-19.8713,-44.9847
Nova Soure,BA,-11.2329,-38.4871
Nova Tebas,PR,-24.438,-51.9454
Nova Timboteua,PA,-1.20874,-47.3921
Nova Trento,SC,-27.278,-48.9298
Nova Ubiratã,MT,-12.9834,-55.2556
Nova União,MG,-19.6876,-43.583
Nova União,RO,-10.9068,-62.5564
Nova Venécia,ES,-18.715,-40.4053
Nova Veneza,SC,-28.6338,-49.5055
Nova Veneza,GO,-16.3695,-49.3168
Nova Viçosa,BA,-17.8926,-39.3743
Nova Xavantina,MT,-14.6771,-52.3502
Novais,SP,-20.9893,-48.9141
Novo Acordo,TO,-9.97063,-47.6785
Novo Airão,AM,-2.63637,-60.9434
Novo Alegre,TO,-12.9217,-46.5713
Novo Aripuanã,AM,-5.12593,-60.3732
Novo Barreiro,RS,-27.9077,-53.1103
Novo Brasil,GO,-16.0313,-50.7113
Novo Cabrais,RS,-29.7338,-52.9489
Novo Cruzeiro,MG,-17.4654,-41.8826
Novo Gama,GO,-16.0592,-48.0417
Novo Hamburgo,RS,-29.6875,-51.1328
Novo Horizonte,SC,-26.4442,-52.8281
Novo Horizonte,SP,-21.4651,-49.2234
Novo Horizonte,BA,-12.8083,-42.1682
Novo Horizonte do Norte,MT,-11.4089,-57.3488
Novo Horizonte do Oeste,RO,-11.6961,-61.9951
Novo Horizonte do Sul,MS,-22.6693,-53.8601
Novo Itacolomi,PR,-23.7631,-51.5079
Novo Jardim,TO,-11.826,-46.6325
Novo Lino,AL,-8.94191,-35.664
Novo Machado,RS,-27.5765,-54.5036
Novo Mundo,MT,-9.95616,-55.2029
Novo Oriente,CE,-5.52552,-40.7713
Novo Oriente de Minas,MG,-17.4089,-41.2194
Novo Oriente do Piauí,PI,-6.44901,-41.9261
Novo Planalto,GO,-13.2424,-49.506
Novo Progresso,PA,-7.14347,-55.3786
Novo Repartimento,PA,-4.24749,-49.9499
Novo Santo Antônio,PI,-5.28749,-41.9325
Novo Santo Antônio,MT,-12.2875,-50.9686
Novo São Joaquim,MT,-14.9054,-53.0194
Novo Tiradentes,RS,-27.5649,-53.1837
Novo Triunfo,BA,-10.3182,-38.4014
Novo Xingu,RS,-27.749,-53.0639
Novorizonte,MG,-16.0162,-42.4044
Nuporanga,SP,-20.7296,-47.7429
Óbidos,PA,-1.90107,-55.5208
Ocara,CE,-4.48523,-38.5933
Ocauçu,SP,-22.438,-49.922
Oeiras,PI,-7.01915,-42.1283
Oeiras do Pará,PA,-2.00358,-49.8628
Oiapoque,AP,3.84074,-51.8331
Olaria,MG,-21.8598,-43.9356
Óleo,SP,-22.9435,-49.3419
Olho d'Água,PB,-7.22118,-37.7406
Olho d'Água das Cunhãs,MA,-4.13417,-45.1163
Olho d'Água das Flores,AL,-9.53686,-37.2971
Olho d'Água do Casado,AL,-9.50357,-37.8301
Olho D'Água do Piauí,PI,-5.84125,-42.5594
Olho d'Água Grande,AL,-10.0572,-36.8101
Olho-d'Água do Borges,RN,-5.9486,-37.7047
Olhos d'Água,MG,-17.3982,-43.5719
Olímpia,SP,-20.7366,-48.9106
Olímpio Noronha,MG,-22.0685,-45.2657
Olinda,PE,-8.01017,-34.8545
Olinda Nova do Maranhão,MA,-2.99295,-44.9897
Olindina,BA,-11.3497,-38.3379
Olivedos,PB,-6.98434,-36.241
Oliveira,MG,-20.6982,-44.829
Oliveira de Fátima,TO,-10.707,-48.9086
Oliveira dos Brejinhos,BA,-12.3132,-42.8969
Oliveira Fortes,MG,-21.3401,-43.4499
Olivença,AL,-9.51954,-37.1954
Onça de Pitangui,MG,-19.7276,-44.8058
Onda Verde,SP,-20.6042,-49.2929
Oratórios,MG,-20.4298,-42.7977
Oriente,SP,-22.1549,-50.0971
Orindiúva,SP,-20.1861,-49.3464
Oriximiná,PA,-1.75989,-55.8579
Orizânia,MG,-20.5142,-42.1991
Orizona,GO,-17.0334,-48.2964
Orlândia,SP,-20.7169,-47.8852
Orleans,SC,-28.3487,-49.2986
Orobó,PE,-7.74553,-35.5956
Orocó,PE,-8.61026,-39.6026
Orós,CE,-6.25182,-38.9053
Ortigueira,PR,-24.2058,-50.9185
Osasco,SP,-23.5324,-46.7916
Oscar Bressane,SP,-22.3149,-50.2811
Osório,RS,-29.8881,-50.2667
Osvaldo Cruz,SP,-21.7968,-50.8793
Otacílio Costa,SC,-27.4789,-50.1231
Ourém,PA,-1.54168,-47.1126
Ouriçangas,BA,-12.0175,-38.6166
Ouricuri,PE,-7.87918,-40.08
Ourilândia do Norte,PA,-6.7529,-51.0858
Ourinhos,SP,-22.9797,-49.8697
Ourizona,PR,-23.4053,-52.1964
Ouro,SC,-27.3379,-51.6194
Ouro Branco,MG,-20.5263,-43.6962
Ouro Branco,RN,-6.6958,-36.9428
Ouro Branco,AL,-9.15884,-37.3556
Ouro Fino,MG,-22.2779,-46.3716
Ouro Preto,MG,-20.3796,-43.512
Ouro Preto do Oeste,RO,-10.7167,-62.2565
Ouro Velho,PB,-7.61604,-37.1519
Ouro Verde,SC,-26.692,-52.3108
Ouro Verde,SP,-21.4872,-51.7024
Ouro Verde de Goiás,GO,-16.2181,-49.1942
Ouro Verde de Minas,MG,-18.0719,-41.2734
Ouro Verde do Oeste,PR,-24.7933,-53.9043
Ouroeste,SP,-20.0061,-50.3768
Ourolândia,BA,-10.9578,-41.0756
Ouvidor,GO,-18.2277,-47.8355
Pacaembu,SP,-21.5627,-51.2654
Pacajá,PA,-3.83542,-50.6399
Pacajus,CE,-4.17107,-38.465
Pacaraima,RR,4.4799,-61.1477
Pacatuba,CE,-3.9784,-38.6183
Pacatuba,SE,-10.4538,-36.6531
Paço do Lumiar,MA,-2.51657,-44.1019
Pacoti,CE,-4.22492,-38.922
Pacujá,CE,-3.98327,-40.6989
Padre Bernardo,GO,-15.1605,-48.2833
Padre Carvalho,MG,-16.3646,-42.5088
Padre Marcos,PI,-7.35101,-40.8997
Padre Paraíso,MG,-17.0758,-41.4821
Paes Landim,PI,-7.77375,-42.2474
Pai Pedro,MG,-15.5271,-43.07
Paial,SC,-27.2541,-52.4975
Paiçandu,PR,-23.4555,-52.046
Paim Filho,RS,-27.7075,-51.763
Paineiras,MG,-18.8993,-45.5321
Painel,SC,-27.9234,-50.0972
Pains,MG,-20.3705,-45.6627
Paiva,MG,-21.2913,-43.4088
Pajeú do Piauí,PI,-7.85508,-42.8248
Palestina,AL,-9.67493,-37.339
Palestina,SP,-20.39,-49.4309
Palestina de Goiás,GO,-16.7392,-51.5309
Palestina do Pará,PA,-5.74027,-48.3181
Palhano,CE,-4.73672,-37.9655
Palhoça,SC,-27.6455,-48.6697
Palma,MG,-21.3748,-42.3123
Palma Sola,SC,-26.3471,-53.2771
Palmácia,CE,-4.13831,-38.8446
Palmares,PE,-8.68423,-35.589
Palmares do Sul,RS,-30.2535,-50.5103
Palmares Paulista,SP,-21.0854,-48.8037
Palmas,PR,-26.4839,-51.9888
Palmas,TO,-10.24,-48.3558
Palmas de Monte Alto,BA,-14.2676,-43.1609
Palmeira,PR,-25.4257,-50.007
Palmeira,SC,-27.583,-50.1577
Palmeira d'Oeste,SP,-20.4148,-50.7632
Palmeira das Missões,RS,-27.9007,-53.3134
Palmeira do Piauí,PI,-8.73076,-44.2466
Palmeira dos Índios,AL,-9.40568,-36.6328
Palmeirais,PI,-5.97086,-43.056
Palmeirândia,MA,-2.64433,-44.8933
Palmeirante,TO,-7.84786,-47.9242
Palmeiras,BA,-12.5059,-41.5809
Palmeiras de Goiás,GO,-16.8044,-49.924
Palmeiras do Tocantins,TO,-6.61658,-47.5464
Palmeirina,PE,-9.0109,-36.3242
Palmeirópolis,TO,-13.0447,-48.4026
Palmelo,GO,-17.3258,-48.426
Palminópolis,GO,-16.7924,-50.1652
Palmital,SP,-22.7858,-50.218
Palmital,PR,-24.8853,-52.2029
Palmitinho,RS,-27.3596,-53.558
Palmitos,SC,-27.0702,-53.1586
Palmópolis,MG,-16.7364,-40.4296
Palotina,PR,-24.2868,-53.8404
Panamá,GO,-18.1783,-49.355
Panambi,RS,-28.2833,-53.5023
Pancas,ES,-19.2229,-40.8534
Panelas,PE,-8.66121,-36.0125
Panorama,SP,-21.354,-51.8562
Pantano Grande,RS,-30.1902,-52.3729
Pão de Açúcar,AL,-9.74032,-37.4403
Papagaios,MG,-19.4419,-44.7468
Papanduva,SC,-26.3777,-50.1419
Paquetá,PI,-7.10303,-41.7
Pará de Minas,MG,-19.8534,-44.6114
Paracambi,RJ,-22.6078,-43.7108
Paracatu,MG,-17.2252,-46.8711
Paracuru,CE,-3.41436,-39.03
Paragominas,PA,-3.00212,-47.3527
Paraguaçu,MG,-21.5465,-45.7374
Paraguaçu Paulista,SP,-22.4114,-50.5732
Paraí,RS,-28.5964,-51.7896
Paraíba do Sul,RJ,-22.1585,-43.304
Paraibano,MA,-6.4264,-43.9792
Paraibuna,SP,-23.3872,-45.6639
Paraipaba,CE,-3.43799,-39.1479
Paraíso,SP,-21.0159,-48.7761
Paraíso,SC,-26.62,-53.6716
Paraíso das Águas,MS,-19.0216,-53.0116
Paraíso do Norte,PR,-23.2824,-52.6054
Paraíso do Sul,RS,-29.6717,-53.144
Paraíso do Tocantins,TO,-10.175,-48.8823
Paraisópolis,MG,-22.5539,-45.7803
Parambu,CE,-6.20768,-40.6905
Paramirim,BA,-13.4388,-42.2395
Paramoti,CE,-4.08815,-39.2417
Paranã,TO,-12.6167,-47.8734
Paraná,RN,-6.47565,-38.3057
Paranacity,PR,-22.9297,-52.1549
Paranaguá,PR,-25.5161,-48.5225
Paranaíba,MS,-19.6746,-51.1909
Paranaiguara,GO,-18.9141,-50.6539
Paranaíta,MT,-9.65835,-56.4786
Paranapanema,SP,-23.3862,-48.7214
Paranapoema,PR,-22.6412,-52.0905
Paranapuã,SP,-20.1048,-50.5886
Paranatama,PE,-8.91875,-36.6549
Paranatinga,MT,-14.4265,-54.0524
Paranavaí,PR,-23.0816,-52.4617
Paranhos,MS,-23.8911,-55.429
Paraopeba,MG,-19.2732,-44.4044
Parapuã,SP,-21.7792,-50.7949
Parari,PB,-7.30975,-36.6522
Paratinga,BA,-12.687,-43.1798
Paraty,RJ,-23.2221,-44.7175
Paraú,RN,-5.76893,-37.1032
Parauapebas,PA,-6.06781,-49.9037
Paraúna,GO,-16.9463,-50.4484
Parazinho,RN,-5.22276,-35.8398
Pardinho,SP,-23.0841,-48.3679
Pareci Novo,RS,-29.6365,-51.3974
Parecis,RO,-12.1754,-61.6032
Parelhas,RN,-6.68491,-36.6566
Pariconha,AL,-9.25634,-37.9988
Parintins,AM,-2.63741,-56.729
Paripiranga,BA,-10.6859,-37.8626
Paripueira,AL,-9.46313,-35.552
Pariquera-Açu,SP,-24.7147,-47.8742
Parisi,SP,-20.3034,-50.0163
Parnaguá,PI,-10.2166,-44.63
Parnaíba,PI,-2.90585,-41.7754
Parnamirim,RN,-5.91116,-35.271
Parnamirim,PE,-8.08729,-39.5795
Parnarama,MA,-5.67365,-43.1011
Parobé,RS,-29.6243,-50.8312
Passa e Fica,RN,-6.43018,-35.6442
Passa Quatro,MG,-22.3871,-44.9709
Passa Sete,RS,-29.4577,-52.9599
Passa Tempo,MG,-20.6539,-44.4926
Passa-Vinte,MG,-22.2097,-44.2344
Passabém,MG,-19.3509,-43.1383
Passagem,RN,-6.27268,-35.37
Passagem,PB,-7.13467,-37.0433
Passagem Franca,MA,-6.17745,-43.7755
Passagem Franca do Piauí,PI,-5.86036,-42.4436
Passira,PE,-7.9971,-35.5813
Passo de Camaragibe,AL,-9.24511,-35.4745
Passo de Torres,SC,-29.3099,-49.722
Passo do Sobrado,RS,-29.748,-52.2748
Passo Fundo,RS,-28.2576,-52.4091
Passos,MG,-20.7193,-46.609
Passos Maia,SC,-26.7829,-52.0568
Pastos Bons,MA,-6.60296,-44.0745
Patis,MG,-16.0773,-44.0787
Pato Bragado,PR,-24.6271,-54.2265
Pato Branco,PR,-26.2292,-52.6706
Patos,PB,-7.01743,-37.2747
Patos de Minas,MG,-18.5699,-46.5013
Patos do Piauí,PI,-7.67231,-41.2408
Patrocínio,MG,-18.9379,-46.9934
Patrocínio do Muriaé,MG,-21.1544,-42.2125
Patrocínio Paulista,SP,-20.6384,-47.2801
Patu,RN,-6.10656,-37.6356
Paty do Alferes,RJ,-22.4309,-43.4285
Pau Brasil,BA,-15.4572,-39.6458
Pau d'Arco,PA,-1.59772,-46.9268
Pau D'Arco,TO,-7.53919,-49.367
Pau D'Arco do Piauí,PI,-5.26072,-42.3908
Pau dos Ferros,RN,-6.10498,-38.2077
Paudalho,PE,-7.90287,-35.1716
Pauini,AM,-7.71311,-66.992
Paula Cândido,MG,-20.8754,-42.9752
Paula Freitas,PR,-26.2105,-50.931
Paulicéia,SP,-21.3153,-51.8321
Paulínia,SP,-22.7542,-47.1488
Paulino Neves,MA,-2.72094,-42.5258
Paulista,PB,-6.59138,-37.6185
Paulista,PE,-7.93401,-34.8684
Paulistana,PI,-8.13436,-41.1431
Paulistânia,SP,-22.5768,-49.4008
Paulistas,MG,-18.4276,-42.8628
Paulo Afonso,BA,-9.3983,-38.2216
Paulo Bento,RS,-27.7051,-52.4169
Paulo de Faria,SP,-20.0296,-49.4
Paulo Frontin,PR,-26.0466,-50.8304
Paulo Jacinto,AL,-9.36792,-36.3672
Paulo Lopes,SC,-27.9607,-48.6864
Paulo Ramos,MA,-4.44485,-45.2398
Pavão,MG,-17.4267,-41.0035
Paverama,RS,-29.5486,-51.7339
Pavussu,PI,-7.96059,-43.2284
Pé de Serra,BA,-11.8313,-39.611
Peabiru,PR,-23.914,-52.3431
Peçanha,MG,-18.5441,-42.5583
Pederneiras,SP,-22.3511,-48.7781
Pedra,PE,-8.49641,-36.94
Pedra Azul,MG,-16.0086,-41.2909
Pedra Bela,SP,-22.7902,-46.4455
Pedra Bonita,MG,-20.5219,-42.3304
Pedra Branca,PB,-7.42169,-38.0689
Pedra Branca,CE,-5.45341,-39.7078
Pedra Branca do Amapari,AP,0.777424,-51.9503
Pedra do Anta,MG,-20.5968,-42.7123
Pedra do Indaiá,MG,-20.2563,-45.2107
Pedra Dourada,MG,-20.8266,-42.1515
Pedra Grande,RN,-5.14988,-35.876
Pedra Lavrada,PB,-6.74997,-36.4758
Pedra Mole,SE,-10.6134,-37.6922
Pedra Preta,RN,-5.57352,-36.1084
Pedra Preta,MT,-16.6245,-54.4722
Pedralva,MG,-22.2386,-45.4654
Pedranópolis,SP,-20.2474,-50.1129
Pedrão,BA,-12.1491,-38.6487
Pedras Altas,RS,-31.7365,-53.5814
Pedras de Fogo,PB,-7.39107,-35.1065
Pedras de Maria da Cruz,MG,-15.6032,-44.391
Pedras Grandes,SC,-28.4339,-49.1949
Pedregulho,SP,-20.2535,-47.4775
Pedreira,SP,-22.7413,-46.8948
Pedreiras,MA,-4.56482,-44.6006
Pedrinhas,SE,-11.1902,-37.6775
Pedrinhas Paulista,SP,-22.8174,-50.7933
Pedrinópolis,MG,-19.2241,-47.4579
Pedro Afonso,TO,-8.97034,-48.1729
Pedro Alexandre,BA,-10.012,-37.8932
Pedro Avelino,RN,-5.5161,-36.3867
Pedro Canário,ES,-18.3004,-39.9574
Pedro de Toledo,SP,-24.2764,-47.2354
Pedro do Rosário,MA,-2.97272,-45.3493
Pedro Gomes,MS,-18.0996,-54.5507
Pedro II,PI,-4.42585,-41.4482
Pedro Laurentino,PI,-8.06807,-42.2847
Pedro Leopoldo,MG,-19.6308,-44.0383
Pedro Osório,RS,-31.8642,-52.8184
Pedro Régis,PB,-6.63323,-35.2966
Pedro Teixeira,MG,-21.7076,-43.743
Pedro Velho,RN,-6.4356,-35.2195
Peixe,TO,-12.0254,-48.5395
Peixe-Boi,PA,-1.19382,-47.324
Peixoto de Azevedo,MT,-10.2262,-54.9794
Pejuçara,RS,-28.4283,-53.6579
Pelotas,RS,-31.7649,-52.3371
Penaforte,CE,-7.82163,-39.0707
Penalva,MA,-3.27674,-45.1768
Penápolis,SP,-21.4148,-50.0769
Pendências,RN,-5.2564,-36.7095
Penedo,AL,-10.2874,-36.5819
Penha,SC,-26.7754,-48.6465
Pentecoste,CE,-3.79274,-39.2692
Pequeri,MG,-21.8341,-43.1145
Pequi,MG,-19.6284,-44.6604
Pequizeiro,TO,-8.5932,-48.9327
Perdigão,MG,-19.9411,-45.078
Perdizes,MG,-19.3434,-47.2963
Perdões,MG,-21.0932,-45.0896
Pereira Barreto,SP,-20.6368,-51.1123
Pereiras,SP,-23.0804,-47.972
Pereiro,CE,-6.03576,-38.4624
Peri Mirim,MA,-2.57676,-44.8504
Periquito,MG,-19.1573,-42.2333
Peritiba,SC,-27.3754,-51.9018
Peritoró,MA,-4.37459,-44.3369
Perobal,PR,-23.8949,-53.4098
Pérola,PR,-23.8039,-53.6834
Pérola d'Oeste,PR,-25.8278,-53.7433
Perolândia,GO,-17.5258,-52.065
Peruíbe,SP,-24.312,-47.0012
Pescador,MG,-18.357,-41.6006
Pescaria Brava,SC,-28.3966,-48.8864
Pesqueira,PE,-8.35797,-36.6978
Petrolândia,PE,-9.06863,-38.3027
Petrolândia,SC,-27.5346,-49.6937
Petrolina,PE,-9.38866,-40.5027
Petrolina de Goiás,GO,-16.0968,-49.3364
Petrópolis,RJ,-22.52,-43.1926
Piaçabuçu,AL,-10.406,-36.434
Piacatu,SP,-21.5921,-50.6003
Piancó,PB,-7.19282,-37.9289
Piatã,BA,-13.1465,-41.7702
Piau,MG,-21.5096,-43.313
Picada Café,RS,-29.4464,-51.1367
Piçarra,PA,-6.43778,-48.8716
Picos,PI,-7.07721,-41.467
Picuí,PB,-6.50845,-36.3497
Piedade,SP,-23.7139,-47.4256
Piedade de Caratinga,MG,-19.7593,-42.0756
Piedade de Ponte Nova,MG,-20.2438,-42.7379
Piedade do Rio Grande,MG,-21.469,-44.1938
Piedade dos Gerais,MG,-20.4715,-44.2243
Piên,PR,-26.0965,-49.4336
Pilão Arcado,BA,-10.0051,-42.4936
Pilar,PB,-7.26403,-35.2523
Pilar,AL,-9.60135,-35.9543
Pilar de Goiás,GO,-14.7608,-49.5784
Pilar do Sul,SP,-23.8077,-47.7222
Pilões,RN,-6.26364,-38.0461
Pilões,PB,-6.86827,-35.613
Pilõezinhos,PB,-6.84277,-35.531
Pimenta,MG,-20.4827,-45.8049
Pimenta Bueno,RO,-11.672,-61.198
Pimenteiras,PI,-6.23839,-41.4113
Pimenteiras do Oeste,RO,-13.4823,-61.0471
Pindaí,BA,-14.4921,-42.686
Pindamonhangaba,SP,-22.9246,-45.4613
Pindaré-Mirim,MA,-3.60985,-45.342
Pindoba,AL,-9.47382,-36.2918
Pindobaçu,BA,-10.7433,-40.3675
Pindorama,SP,-21.1853,-48.9086
Pindorama do Tocantins,TO,-11.1311,-47.5726
Pindoretama,CE,-4.01584,-38.3061
Pingo-d'Água,MG,-19.7287,-42.4095
Pinhais,PR,-25.4429,-49.1927
Pinhal,RS,-27.508,-53.2082
Pinhal da Serra,RS,-27.8751,-51.1673
Pinhal de São Bento,PR,-26.0324,-53.482
Pinhal Grande,RS,-29.345,-53.3206
Pinhalão,PR,-23.7982,-50.0536
Pinhalzinho,SP,-22.7811,-46.5897
Pinhalzinho,SC,-26.8495,-52.9913
Pinhão,SE,-10.5677,-37.7242
Pinhão,PR,-25.6944,-51.6536
Pinheiral,RJ,-22.5172,-44.0022
Pinheirinho do Vale,RS,-27.2109,-53.608
Pinheiro,MA,-2.52224,-45.0788
Pinheiro Machado,RS,-31.5794,-53.3798
Pinheiro Preto,SC,-27.0483,-51.2243
Pinheiros,ES,-18.4141,-40.2171
Pintadas,BA,-11.8117,-39.9009
Pinto Bandeira,RS,-29.0975,-51.4503
Pintópolis,MG,-16.0572,-45.1402
Pio IX,PI,-6.83002,-40.6083
Pio XII,MA,-3.89315,-45.1759
Piquerobi,SP,-21.8747,-51.7282
Piquet Carneiro,CE,-5.80025,-39.417
Piquete,SP,-22.6069,-45.1869
Piracaia,SP,-23.0525,-46.3594
Piracanjuba,GO,-17.302,-49.017
Piracema,MG,-20.5089,-44.4783
Piracicaba,SP,-22.7338,-47.6476
Piracuruca,PI,-3.93335,-41.7088
Piraí,RJ,-22.6215,-43.9081
Piraí do Norte,BA,-13.759,-39.3836
Piraí do Sul,PR,-24.5306,-49.9433
Piraju,SP,-23.1981,-49.3803
Pirajuba,MG,-19.9092,-48.7027
Pirajuí,SP,-21.999,-49.4608
Pirambu,SE,-10.7215,-36.8544
Piranga,MG,-20.6834,-43.2967
Pirangi,SP,-21.0886,-48.6607
Piranguçu,MG,-22.5249,-45.4945
Piranguinho,MG,-22.395,-45.5324
Piranhas,AL,-9.624,-37.757
Piranhas,GO,-16.4258,-51.8235
Pirapemas,MA,-3.72041,-44.2216
Pirapetinga,MG,-21.6554,-42.3434
Pirapó,RS,-28.0439,-55.2001
Pirapora,MG,-17.3392,-44.934
Pirapora do Bom Jesus,SP,-23.3965,-46.9991
Pirapozinho,SP,-22.2711,-51.4976
Piraquara,PR,-25.4422,-49.0624
Piraquê,TO,-6.77302,-48.2958
Pirassununga,SP,-21.996,-47.4257
Piratini,RS,-31.4473,-53.0973
Piratininga,SP,-22.4142,-49.1339
Piratuba,SC,-27.4242,-51.7668
Piraúba,MG,-21.2825,-43.0172
Pirenópolis,GO,-15.8507,-48.9584
Pires do Rio,GO,-17.3019,-48.2768
Pires Ferreira,CE,-4.23922,-40.6442
Piripá,BA,-14.9444,-41.7168
Piripiri,PI,-4.27157,-41.7716
Piritiba,BA,-11.73,-40.5587
Pirpirituba,PB,-6.77922,-35.4906
Pitanga,PR,-24.7588,-51.7596
Pitangueiras,SP,-21.0132,-48.221
Pitangueiras,PR,-23.2281,-51.5873
Pitangui,MG,-19.6741,-44.8964
Pitimbu,PB,-7.4664,-34.8151
Pium,TO,-10.442,-49.1876
Piúma,ES,-20.8334,-40.7268
Piumhi,MG,-20.4762,-45.9589
Placas,PA,-3.86813,-54.2124
Plácido de Castro,AC,-10.2806,-67.1371
Planaltina,GO,-15.452,-47.6089
Planaltina do Paraná,PR,-23.0101,-52.9162
Planaltino,BA,-13.2618,-40.3695
Planalto,BA,-14.6654,-40.4718
Planalto,RS,-27.3297,-53.0575
Planalto,SP,-21.0342,-49.933
Planalto,PR,-25.7211,-53.7642
Planalto Alegre,SC,-27.0704,-52.867
Planalto da Serra,MT,-14.6518,-54.7819
Planura,MG,-20.1376,-48.7
Platina,SP,-22.6371,-50.2104
Poá,SP,-23.5333,-46.3473
Poção,PE,-8.18726,-36.7111
Poção de Pedras,MA,-4.74626,-44.9432
Pocinhos,PB,-7.06658,-36.0668
Poço Branco,RN,-5.62233,-35.6635
Poço Dantas,PB,-6.39876,-38.4909
Poço das Antas,RS,-29.4481,-51.6719
Poço das Trincheiras,AL,-9.30742,-37.2889
Poço de José de Moura,PB,-6.56401,-38.5111
Poço Fundo,MG,-21.78,-45.9658
Poço Redondo,SE,-9.80616,-37.6833
Poço Verde,SE,-10.7151,-38.1813
Poções,BA,-14.5234,-40.3634
Poconé,MT,-16.266,-56.6261
Poços de Caldas,MG,-21.78,-46.5692
Pocrane,MG,-19.6208,-41.6334
Pojuca,BA,-12.4303,-38.3374
Poloni,SP,-20.7829,-49.8258
Pombal,PB,-6.76606,-37.8003
Pombos,PE,-8.13982,-35.3967
Pomerode,SC,-26.7384,-49.1785
Pompéia,SP,-22.107,-50.176
Pompéu,MG,-19.2257,-45.0141
Pongaí,SP,-21.7396,-49.3604
Ponta de Pedras,PA,-1.39587,-48.8661
Ponta Grossa,PR,-25.0916,-50.1668
Ponta Porã,MS,-22.5296,-55.7203
Pontal,SP,-21.0216,-48.0423
Pontal do Araguaia,MT,-15.9274,-52.3273
Pontal do Paraná,PR,-25.6735,-48.5111
Pontalina,GO,-17.5225,-49.4489
Pontalinda,SP,-20.4396,-50.5258
Pontão,RS,-28.0585,-52.6791
Ponte Alta,SC,-27.4835,-50.3764
Ponte Alta do Bom Jesus,TO,-12.0853,-46.4825
Ponte Alta do Norte,SC,-27.1591,-50.4659
Ponte Alta do Tocantins,TO,-10.7481,-47.5276
Ponte Branca,MT,-16.7584,-52.8369
Ponte Nova,MG,-20.4111,-42.8978
Ponte Preta,RS,-27.6587,-52.4848
Ponte Serrada,SC,-26.8733,-52.0112
Pontes e Lacerda,MT,-15.2219,-59.3435
Pontes Gestal,SP,-20.1727,-49.7064
Ponto Belo,ES,-18.1253,-40.5458
Ponto Chique,MG,-16.6282,-45.0588
Ponto dos Volantes,MG,-16.7473,-41.5025
Ponto Novo,BA,-10.8653,-40.1311
Populina,SP,-19.9453,-50.538
Poranga,CE,-4.74672,-40.9205
Porangaba,SP,-23.1761,-48.1195
Porangatu,GO,-13.4391,-49.1503
Porciúncula,RJ,-20.9632,-42.0465
Porecatu,PR,-22.7537,-51.3795
Portalegre,RN,-6.02064,-37.9865
Portão,RS,-29.7015,-51.2429
Porteirão,GO,-17.8143,-50.1653
Porteiras,CE,-7.52265,-39.114
Porteirinha,MG,-15.7404,-43.0281
Portel,PA,-1.93639,-50.8194
Portelândia,GO,-17.3554,-52.6799
Porto,PI,-3.88815,-42.6998
Porto Acre,AC,-9.58138,-67.5478
Porto Alegre,RS,-30.0318,-51.2065
Porto Alegre do Norte,MT,-10.8761,-51.6357
Porto Alegre do Piauí,PI,-6.96423,-44.1837
Porto Alegre do Tocantins,TO,-11.618,-47.0621
Porto Amazonas,PR,-25.54,-49.8946
Porto Barreiro,PR,-25.5477,-52.4067
Porto Belo,SC,-27.1586,-48.5469
Porto Calvo,AL,-9.05195,-35.3987
Porto da Folha,SE,-9.91626,-37.2842
Porto de Moz,PA,-1.74691,-52.2361
Porto de Pedras,AL,-9.16006,-35.3049
Porto do Mangue,RN,-5.05441,-36.7887
Porto dos Gaúchos,MT,-11.533,-57.4132
Porto Esperidião,MT,-15.857,-58.4619
Porto Estrela,MT,-15.3235,-57.2204
Porto Feliz,SP,-23.2093,-47.5251
Porto Ferreira,SP,-21.8498,-47.487
Porto Firme,MG,-20.6642,-43.0834
Porto Franco,MA,-6.34149,-47.3962
Porto Grande,AP,0.71243,-51.4155
Porto Lucena,RS,-27.8569,-55.01
Porto Mauá,RS,-27.5796,-54.6657
Porto Murtinho,MS,-21.6981,-57.8836
Porto Nacional,TO,-10.7027,-48.408
Porto Real,RJ,-22.4175,-44.2952
Porto Real do Colégio,AL,-10.1849,-36.8376
Porto Rico,PR,-22.7747,-53.2677
Porto Rico do Maranhão,MA,-1.85925,-44.5842
Porto Seguro,BA,-16.4435,-39.0643
Porto União,SC,-26.2451,-51.0759
Porto Velho,RO,-8.76077,-63.8999
Porto Vera Cruz,RS,-27.7405,-54.8994
Porto Vitória,PR,-26.1674,-51.231
Porto Walter,AC,-8.26323,-72.7537
Porto Xavier,RS,-27.9082,-55.1379
Posse,GO,-14.0859,-46.3704
Poté,MG,-17.8077,-41.786
Potengi,CE,-7.09154,-40.0233
Potim,SP,-22.8343,-45.2552
Potiraguá,BA,-15.5943,-39.8638
Potirendaba,SP,-21.0428,-49.3815
Potiretama,CE,-5.71287,-38.1578
Pouso Alegre,MG,-22.2266,-45.9389
Pouso Alto,MG,-22.1964,-44.9748
Pouso Novo,RS,-29.1738,-52.2136
Pouso Redondo,SC,-27.2567,-49.9301
Poxoréu,MT,-15.8299,-54.4208
Pracinha,SP,-21.8496,-51.0868
Pracuúba,AP,1.74543,-50.7892
Prado,BA,-17.3364,-39.2227
Prado Ferreira,PR,-23.0357,-51.4429
Pradópolis,SP,-21.3626,-48.0679
Prados,MG,-21.0597,-44.0778
Praia Grande,SP,-24.0084,-46.4121
Praia Grande,SC,-29.1918,-49.9525
Praia Norte,TO,-5.39281,-47.8111
Prainha,PA,-1.798,-53.4779
Pranchita,PR,-26.0209,-53.7397
Prata,MG,-19.3086,-48.9276
Prata,PB,-7.68826,-37.0801
Prata do Piauí,PI,-5.67265,-42.2046
Pratânia,SP,-22.8112,-48.6636
Pratápolis,MG,-20.7411,-46.8624
Pratinha,MG,-19.739,-46.3755
Presidente Alves,SP,-22.0999,-49.4381
Presidente Bernardes,SP,-22.0082,-51.5565
Presidente Bernardes,MG,-20.7656,-43.1895
Presidente Castello Branco,SC,-27.2218,-51.8089
Presidente Castelo Branco,PR,-23.2782,-52.1536
Presidente Dutra,BA,-11.2923,-41.9843
Presidente Dutra,MA,-5.2898,-44.495
Presidente Epitácio,SP,-21.7651,-52.1111
Presidente Figueiredo,AM,-2.02981,-60.0234
Presidente Getúlio,SC,-27.0474,-49.6246
Presidente Jânio Quadros,BA,-14.6885,-41.6798
Presidente Juscelino,MG,-18.6401,-44.06
Presidente Juscelino,MA,-2.91872,-44.0715
Presidente Kennedy,TO,-8.5406,-48.5062
Presidente Kennedy,ES,-21.0964,-41.0468
Presidente Kubitschek,MG,-18.6193,-43.5628
Presidente Lucena,RS,-29.5175,-51.1798
Presidente Médici,RO,-11.169,-61.8986
Presidente Médici,MA,-2.38991,-45.82
Presidente Nereu,SC,-27.2768,-49.3889
Presidente Olegário,MG,-18.4096,-46.4165
Presidente Prudente,SP,-22.1207,-51.3925
Presidente Sarney,MA,-2.58799,-45.3595
Presidente Tancredo Neves,BA,-13.4471,-39.4203
Presidente Vargas,MA,-3.40787,-44.0234
Presidente Venceslau,SP,-21.8732,-51.8447
Primavera,PE,-8.32999,-35.3544
Primavera,PA,-0.945439,-47.1253
Primavera de Rondônia,RO,-11.8295,-61.3153
Primavera do Leste,MT,-15.544,-54.2811
Primeira Cruz,MA,-2.50568,-43.4232
Primeiro de Maio,PR,-22.8517,-51.0293
Princesa,SC,-26.4441,-53.5994
Princesa Isabel,PB,-7.73175,-37.9886
Professor Jamil,GO,-17.2497,-49.244
Progresso,RS,-29.2441,-52.3197
Promissão,SP,-21.5356,-49.8599
Propriá,SE,-10.2138,-36.8442
Protásio Alves,RS,-28.7572,-51.4757
Prudente de Morais,MG,-19.4742,-44.1591
Prudentópolis,PR,-25.2111,-50.9754
Pugmil,TO,-10.424,-48.8957
Pureza,RN,-5.46393,-35.5554
Putinga,RS,-29.0045,-52.1569
Puxinanã,PB,-7.15479,-35.9543
Quadra,SP,-23.2993,-48.0547
Quaraí,RS,-30.384,-56.4483
Quartel Geral,MG,-19.2703,-45.5569
Quarto Centenário,PR,-24.2775,-53.0759
Quatá,SP,-22.2456,-50.6966
Quatiguá,PR,-23.5671,-49.916
Quatipuru,PA,-0.899604,-47.0134
Quatis,RJ,-22.4045,-44.2597
Quatro Barras,PR,-25.3673,-49.0763
Quatro Irmãos,RS,-27.8257,-52.4424
Quatro Pontes,PR,-24.5752,-53.9759
Quebrangulo,AL,-9.32001,-36.4692
Quedas do Iguaçu,PR,-25.4492,-52.9102
Queimada Nova,PI,-8.57064,-41.4106
Queimadas,PB,-7.35029,-35.9031
Queimadas,BA,-10.9736,-39.6293
Queimados,RJ,-22.7102,-43.5518
Queiroz,SP,-21.7969,-50.2415
Queluz,SP,-22.5312,-44.7781
Queluzito,MG,-20.7416,-43.8851
Querência,MT,-12.6093,-52.1821
Querência do Norte,PR,-23.0838,-53.483
Quevedos,RS,-29.3504,-54.0789
Quijingue,BA,-10.7505,-39.2137
Quilombo,SC,-26.7264,-52.724
Quinta do Sol,PR,-23.8533,-52.1309
Quintana,SP,-22.0692,-50.307
Quinze de Novembro,RS,-28.7466,-53.1011
Quipapá,PE,-8.81175,-36.0137
Quirinópolis,GO,-18.4472,-50.4547
Quissamã,RJ,-22.1031,-41.4693
Quitandinha,PR,-25.8734,-49.4973
Quiterianópolis,CE,-5.8425,-40.7002
Quixabá,PB,-7.0224,-37.1458
Quixaba,PE,-7.70734,-37.8446
Quixabeira,BA,-11.4031,-40.12
Quixadá,CE,-4.9663,-39.0155
Quixelô,CE,-6.24637,-39.2011
Quixeramobim,CE,-5.19067,-39.2889
Quixeré,CE,-5.07148,-37.9802
Rafael Fernandes,RN,-6.18987,-38.2211
Rafael Godeiro,RN,-6.07244,-37.716
Rafael Jambeiro,BA,-12.4053,-39.5007
Rafard,SP,-23.0105,-47.5318
Ramilândia,PR,-25.1195,-54.023
Rancharia,SP,-22.2269,-50.893
Rancho Alegre,PR,-23.0676,-50.9145
Rancho Alegre D'Oeste,PR,-24.3065,-52.9552
Rancho Queimado,SC,-27.6727,-49.0191
Raposa,MA,-2.4254,-44.0973
Raposos,MG,-19.9636,-43.8079
Raul Soares,MG,-20.1061,-42.4502
Realeza,PR,-25.7711,-53.526
Rebouças,PR,-25.6232,-50.6877
Recife,PE,-8.04666,-34.8771
Recreio,MG,-21.5289,-42.4676
Recursolândia,TO,-8.7227,-47.2421
Redenção,PA,-8.02529,-50.0317
Redenção,CE,-4.21587,-38.7277
Redenção da Serra,SP,-23.2638,-45.5422
Redenção do Gurguéia,PI,-9.47937,-44.5811
Redentora,RS,-27.664,-53.6407
Reduto,MG,-20.2401,-41.9848
Regeneração,PI,-6.23115,-42.6842
Regente Feijó,SP,-22.2181,-51.3055
Reginópolis,SP,-21.8914,-49.2268
Registro,SP,-24.4979,-47.8449
Relvado,RS,-29.1164,-52.0778
Remanso,BA,-9.61944,-42.0848
Remígio,PB,-6.94992,-35.8011
Renascença,PR,-26.1588,-52.9703
Reriutaba,CE,-4.14191,-40.5759
Resende,RJ,-22.4705,-44.4509
Resende Costa,MG,-20.9171,-44.2407
Reserva,PR,-24.6492,-50.8466
Reserva do Cabaçal,MT,-15.0743,-58.4585
Reserva do Iguaçu,PR,-25.8319,-52.0272
Resplendor,MG,-19.3194,-41.2462
Ressaquinha,MG,-21.0642,-43.7598
Restinga,SP,-20.6056,-47.4833
Restinga Sêca,RS,-29.8188,-53.3807
Retirolândia,BA,-11.4832,-39.4234
Riachão,PB,-6.54269,-35.661
Riachão,MA,-7.35819,-46.6225
Riachão das Neves,BA,-11.7508,-44.9143
Riachão do Bacamarte,PB,-7.25347,-35.6693
Riachão do Dantas,SE,-11.0729,-37.731
Riachão do Jacuípe,BA,-11.8067,-39.3818
Riachão do Poço,PB,-7.14173,-35.2914
Riachinho,TO,-6.44005,-48.1371
Riachinho,MG,-16.2258,-45.9888
Riacho da Cruz,RN,-5.92654,-37.949
Riacho das Almas,PE,-8.13742,-35.8648
Riacho de Santana,RN,-6.25139,-38.3116
Riacho de Santana,BA,-13.6059,-42.9397
Riacho de Santo Antônio,PB,-7.68023,-36.157
Riacho dos Cavalos,PB,-6.44067,-37.6483
Riacho dos Machados,MG,-16.0091,-43.0488
Riacho Frio,PI,-10.1244,-44.9503
Riachuelo,RN,-5.82156,-35.8215
Riachuelo,SE,-10.735,-37.1966
Rialma,GO,-15.3145,-49.5814
Rianápolis,GO,-15.4456,-49.5114
Ribamar Fiquene,MA,-5.93067,-47.3888
Ribas do Rio Pardo,MS,-20.4445,-53.7588
Ribeira,SP,-24.6517,-49.0044
Ribeira do Amparo,BA,-11.0421,-38.4242
Ribeira do Piauí,PI,-7.69028,-42.7128
Ribeira do Pombal,BA,-10.8373,-38.5382
Ribeirão,PE,-8.50957,-35.3698
Ribeirão Bonito,SP,-22.0685,-48.182
Ribeirão Branco,SP,-24.2206,-48.7635
Ribeirão Cascalheira,MT,-12.9367,-51.8244
Ribeirão Claro,PR,-23.1941,-49.7597
Ribeirão Corrente,SP,-20.4579,-47.5904
Ribeirão das Neves,MG,-19.7621,-44.0844
Ribeirão do Largo,BA,-15.4508,-40.7441
Ribeirão do Pinhal,PR,-23.4091,-50.3601
Ribeirão do Sul,SP,-22.789,-49.933
Ribeirão dos Índios,SP,-21.8382,-51.6103
Ribeirão Grande,SP,-24.1011,-48.3679
Ribeirão Pires,SP,-23.7067,-46.4058
Ribeirão Preto,SP,-21.1699,-47.8099
Ribeirão Vermelho,MG,-21.1879,-45.0637
Ribeirãozinho,MT,-16.4856,-52.6924
Ribeiro Gonçalves,PI,-7.55651,-45.2447
Ribeirópolis,SE,-10.5357,-37.438
Rifaina,SP,-20.0803,-47.4291
Rincão,SP,-21.5894,-48.0728
Rinópolis,SP,-21.7284,-50.7239
Rio Acima,MG,-20.0876,-43.7878
Rio Azul,PR,-25.7306,-50.7985
Rio Bananal,ES,-19.2719,-40.3366
Rio Bom,PR,-23.7606,-51.4122
Rio Bonito,RJ,-22.7181,-42.6276
Rio Bonito do Iguaçu,PR,-25.4874,-52.5292
Rio Branco,MT,-15.2483,-58.1259
Rio Branco,AC,-9.97499,-67.8243
Rio Branco do Ivaí,PR,-24.3244,-51.3187
Rio Branco do Sul,PR,-25.1892,-49.3115
Rio Brilhante,MS,-21.8033,-54.5427
Rio Casca,MG,-20.2285,-42.6462
Rio Claro,RJ,-22.72,-44.1419
Rio Claro,SP,-22.3984,-47.5546
Rio Crespo,RO,-9.69965,-62.9011
Rio da Conceição,TO,-11.3949,-46.8847
Rio das Antas,SC,-26.8946,-51.0674
Rio das Flores,RJ,-22.1692,-43.5856
Rio das Ostras,RJ,-22.5174,-41.9475
Rio das Pedras,SP,-22.8417,-47.6047
Rio de Contas,BA,-13.5852,-41.8048
Rio de Janeiro,RJ,-22.9129,-43.2003
Rio do Antônio,BA,-14.4071,-42.0721
Rio do Campo,SC,-26.9452,-50.136
Rio do Fogo,RN,-5.2765,-35.3794
Rio do Oeste,SC,-27.1952,-49.7989
Rio do Pires,BA,-13.1185,-42.2902
Rio do Prado,MG,-16.6056,-40.5714
Rio do Sul,SC,-27.2156,-49.643
Rio Doce,MG,-20.2412,-42.8995
Rio dos Bois,TO,-9.34425,-48.5245
Rio dos Cedros,SC,-26.7398,-49.2718
Rio dos Índios,RS,-27.2973,-52.8417
Rio Espera,MG,-20.855,-43.4721
Rio Formoso,PE,-8.6592,-35.1532
Rio Fortuna,SC,-28.1244,-49.1068
Rio Grande,RS,-32.0349,-52.1071
Rio Grande da Serra,SP,-23.7437,-46.3971
Rio Grande do Piauí,PI,-7.78029,-43.1369
Rio Largo,AL,-9.47783,-35.8394
Rio Manso,MG,-20.2666,-44.3069
Rio Maria,PA,-7.31236,-50.0379
Rio Negrinho,SC,-26.2591,-49.5177
Rio Negro,MS,-19.447,-54.9859
Rio Negro,PR,-26.095,-49.7982
Rio Novo,MG,-21.4649,-43.1168
Rio Novo do Sul,ES,-20.8556,-40.9388
Rio Paranaíba,MG,-19.1861,-46.2455
Rio Pardo,RS,-29.988,-52.3711
Rio Pardo de Minas,MG,-15.616,-42.5405
Rio Piracicaba,MG,-19.9284,-43.1829
Rio Pomba,MG,-21.2712,-43.1696
Rio Preto,MG,-22.0861,-43.8293
Rio Preto da Eva,AM,-2.7045,-59.6858
Rio Quente,GO,-17.774,-48.7725
Rio Real,BA,-11.4814,-37.9332
Rio Rufino,SC,-27.8592,-49.7754
Rio Sono,TO,-9.35002,-47.888
Rio Tinto,PB,-6.80383,-35.0776
Rio Verde,GO,-17.7923,-50.9192
Rio Verde de Mato Grosso,MS,-18.9249,-54.8434
Rio Vermelho,MG,-18.2922,-43.0018
Riolândia,SP,-19.9868,-49.6836
Riozinho,RS,-29.639,-50.4488
Riqueza,SC,-27.0653,-53.3265
Ritápolis,MG,-21.0276,-44.3204
Riversul,SP,-23.829,-49.429
Roca Sales,RS,-29.2884,-51.8658
Rochedo,MS,-19.9565,-54.8848
Rochedo de Minas,MG,-21.6284,-43.0165
Rodeio,SC,-26.9243,-49.3649
Rodeio Bonito,RS,-27.4742,-53.1706
Rodeiro,MG,-21.2035,-42.8586
Rodelas,BA,-8.85021,-38.78
Rodolfo Fernandes,RN,-5.78393,-38.0579
Rodrigues Alves,AC,-7.73864,-72.661
Rolador,RS,-28.2566,-54.8186
Rolândia,PR,-23.3101,-51.3659
Rolante,RS,-29.6462,-50.5819
Rolim de Moura,RO,-11.7271,-61.7714
Romaria,MG,-18.8838,-47.5782
Romelândia,SC,-26.6809,-53.3172
Roncador,PR,-24.5958,-52.2716
Ronda Alta,RS,-27.7758,-52.8056
Rondinha,RS,-27.8315,-52.9081
Rondolândia,MT,-10.8376,-61.4697
Rondon,PR,-23.412,-52.7659
Rondon do Pará,PA,-4.77793,-48.067
Rondonópolis,MT,-16.4673,-54.6372
Roque Gonzales,RS,-28.1297,-55.0266
Rorainópolis,RR,0.939956,-60.4389
Rosana,SP,-22.5782,-53.0603
Rosário,MA,-2.93444,-44.2531
Rosário da Limeira,MG,-20.9812,-42.5112
Rosário do Catete,SE,-10.6904,-37.0357
Rosário do Ivaí,PR,-24.2682,-51.272
Rosário do Sul,RS,-30.2515,-54.9221
Rosário Oeste,MT,-14.8259,-56.4236
Roseira,SP,-22.8938,-45.307
Roteiro,AL,-9.83503,-35.9782
Rubelita,MG,-16.4053,-42.261
Rubiácea,SP,-21.3006,-50.7296
Rubiataba,GO,-15.1617,-49.8048
Rubim,MG,-16.3775,-40.5397
Rubinéia,SP,-20.1759,-51.007
Rurópolis,PA,-4.10028,-54.9092
Russas,CE,-4.92673,-37.9721
Ruy Barbosa,RN,-5.88745,-35.933
Ruy Barbosa,BA,-12.2816,-40.4931
Sabará,MG,-19.884,-43.8263
Sabáudia,PR,-23.3155,-51.555
Sabino,SP,-21.4593,-49.5755
Sabinópolis,MG,-18.6653,-43.0752
Saboeiro,CE,-6.5346,-39.9017
Sacramento,MG,-19.8622,-47.4508
Sagrada Família,RS,-27.7085,-53.1351
Sagres,SP,-21.8823,-50.9594
Sairé,PE,-8.32864,-35.6967
Saldanha Marinho,RS,-28.3941,-53.097
Sales,SP,-21.3427,-49.4897
Sales Oliveira,SP,-20.7696,-47.8369
Salesópolis,SP,-23.5288,-45.8465
Salete,SC,-26.9798,-49.9988
Salgadinho,PB,-7.10098,-36.8458
Salgadinho,PE,-7.9269,-35.6503
Salgado,SE,-11.0288,-37.4804
Salgado de São Félix,PB,-7.35337,-35.4305
Salgado Filho,PR,-26.1777,-53.3631
Salgueiro,PE,-8.07373,-39.1247
Salinas,MG,-16.1753,-42.2964
Salinas da Margarida,BA,-12.873,-38.7562
Salinópolis,PA,-0.630815,-47.3465
Salitre,CE,-7.28398,-40.45
Salmourão,SP,-21.6267,-50.8614
Saloá,PE,-8.9723,-36.691
Saltinho,SC,-26.6049,-53.0578
Saltinho,SP,-22.8442,-47.6754
Salto,SP,-23.1996,-47.2931
Salto da Divisa,MG,-16.0063,-39.9391
Salto de Pirapora,SP,-23.6474,-47.5743
Salto do Céu,MT,-15.1303,-58.1317
Salto do Itararé,PR,-23.6074,-49.6354
Salto do Jacuí,RS,-29.0951,-53.2133
Salto do Lontra,PR,-25.7813,-53.3135
Salto Grande,SP,-22.8894,-49.9831
Salto Veloso,SC,-26.903,-51.4043
Salvador,BA,-12.9718,-38.5011
Salvador das Missões,RS,-28.1233,-54.8373
Salvador do Sul,RS,-29.4386,-51.5077
Salvaterra,PA,-0.758444,-48.5139
Sambaíba,MA,-7.13447,-45.3515
Sampaio,TO,-5.35423,-47.8782
Sananduva,RS,-27.947,-51.8079
Sanclerlândia,GO,-16.197,-50.3124
Sandolândia,TO,-12.538,-49.9242
Sandovalina,SP,-22.4551,-51.7648
Sangão,SC,-28.6326,-49.1322
Sanharó,PE,-8.36097,-36.5696
Sant'Ana do Livramento,RS,-30.8773,-55.5392
Santa Adélia,SP,-21.2427,-48.8063
Santa Albertina,SP,-20.0311,-50.7297
Santa Amélia,PR,-23.2654,-50.4288
Santa Bárbara,BA,-11.9515,-38.9681
Santa Bárbara,MG,-19.9604,-43.4101
Santa Bárbara d'Oeste,SP,-22.7553,-47.4143
Santa Bárbara de Goiás,GO,-16.5714,-49.6954
Santa Bárbara do Leste,MG,-19.9753,-42.1457
Santa Bárbara do Monte Verde,MG,-21.9592,-43.7027
Santa Bárbara do Pará,PA,-1.19219,-48.238
Santa Bárbara do Sul,RS,-28.3653,-53.251
Santa Bárbara do Tugúrio,MG,-21.2431,-43.5607
Santa Branca,SP,-23.3933,-45.8875
Santa Brígida,BA,-9.73227,-38.1209
Santa Carmem,MT,-11.9125,-55.2263
Santa Cecília,SC,-26.9592,-50.4252
Santa Cecília,PB,-7.7389,-35.8764
Santa Cecília do Pavão,PR,-23.5201,-50.7835
Santa Cecília do Sul,RS,-28.1609,-51.9279
Santa Clara d'Oeste,SP,-20.09,-50.9491
Santa Clara do Sul,RS,-29.4747,-52.0843
Santa Cruz,RN,-6.22475,-36.0193
Santa Cruz,PB,-6.5237,-38.0617
Santa Cruz,PE,-8.24153,-40.3434
Santa Cruz Cabrália,BA,-16.2825,-39.0295
Santa Cruz da Baixa Verde,PE,-7.81339,-38.1476
Santa Cruz da Conceição,SP,-22.1405,-47.4512
Santa Cruz da Esperança,SP,-21.2951,-47.4304
Santa Cruz da Vitória,BA,-14.964,-39.8115
Santa Cruz das Palmeiras,SP,-21.8235,-47.248
Santa Cruz de Goiás,GO,-17.3155,-48.4809
Santa Cruz de Minas,MG,-21.1241,-44.2202
Santa Cruz de Monte Castelo,PR,-22.9582,-53.2949
Santa Cruz de Salinas,MG,-16.0967,-41.7418
Santa Cruz do Arari,PA,-0.661019,-49.1771
Santa Cruz do Capibaribe,PE,-7.94802,-36.2061
Santa Cruz do Escalvado,MG,-20.2372,-42.8169
Santa Cruz do Piauí,PI,-7.1785,-41.7609
Santa Cruz do Rio Pardo,SP,-22.8988,-49.6354
Santa Cruz do Sul,RS,-29.722,-52.4343
Santa Cruz do Xingu,MT,-10.1532,-52.3953
Santa Cruz dos Milagres,PI,-5.80581,-41.9506
Santa Efigênia de Minas,MG,-18.8235,-42.4388
Santa Ernestina,SP,-21.4618,-48.3953
Santa Fé,PR,-23.04,-51.808
Santa Fé de Goiás,GO,-15.7664,-51.1037
Santa Fé de Minas,MG,-16.6859,-45.4102
Santa Fé do Araguaia,TO,-7.15803,-48.7165
Santa Fé do Sul,SP,-20.2083,-50.932
Santa Filomena,PI,-9.11228,-45.9116
Santa Filomena,PE,-8.16688,-40.6079
Santa Filomena do Maranhão,MA,-5.49671,-44.5638
Santa Gertrudes,SP,-22.4572,-47.5272
Santa Helena,PR,-24.8585,-54.336
Santa Helena,SC,-26.937,-53.6214
Santa Helena,MA,-2.24426,-45.29
Santa Helena,PB,-6.7176,-38.6427
Santa Helena de Goiás,GO,-17.8115,-50.5977
Santa Helena de Minas,MG,-16.9707,-40.6727
Santa Inês,BA,-13.2793,-39.814
Santa Inês,PR,-22.6376,-51.9024
Santa Inês,PB,-7.621,-38.554
Santa Inês,MA,-3.65112,-45.3774
Santa Isabel,SP,-23.3172,-46.2237
Santa Isabel,GO,-15.2958,-49.4259
Santa Isabel do Ivaí,PR,-23.0025,-53.1989
Santa Isabel do Rio Negro,AM,-0.410824,-65.0092
Santa Izabel do Oeste,PR,-25.8217,-53.4801
Santa Izabel do Pará,PA,-1.29686,-48.1606
Santa Juliana,MG,-19.3108,-47.5322
Santa Leopoldina,ES,-20.0999,-40.527
Santa Lúcia,SP,-21.685,-48.0885
Santa Lúcia,PR,-25.4104,-53.5638
Santa Luz,PI,-8.9488,-44.1296
Santa Luzia,MA,-4.06873,-45.69
Santa Luzia,BA,-15.4342,-39.3287
Santa Luzia,MG,-19.7548,-43.8497
Santa Luzia,PB,-6.86092,-36.9178
Santa Luzia D'Oeste,RO,-11.9074,-61.7777
Santa Luzia do Itanhy,SE,-11.3536,-37.4586
Santa Luzia do Norte,AL,-9.6037,-35.8232
Santa Luzia do Pará,PA,-1.52147,-46.9008
Santa Luzia do Paruá,MA,-2.51123,-45.7801
Santa Margarida,MG,-20.3839,-42.2519
Santa Margarida do Sul,RS,-30.3393,-54.0817
Santa Maria,RS,-29.6868,-53.8149
Santa Maria,RN,-5.83802,-35.6914
Santa Maria da Boa Vista,PE,-8.79766,-39.8241
Santa Maria da Serra,SP,-22.5661,-48.1593
Santa Maria da Vitória,BA,-13.3859,-44.2011
Santa Maria das Barreiras,PA,-8.85784,-49.7215
Santa Maria de Itabira,MG,-19.4431,-43.1064
Santa Maria de Jetibá,ES,-20.0253,-40.7439
Santa Maria do Cambucá,PE,-7.83676,-35.8941
Santa Maria do Herval,RS,-29.4902,-50.9919
Santa Maria do Oeste,PR,-24.9377,-51.8696
Santa Maria do Pará,PA,-1.35392,-47.5712
Santa Maria do Salto,MG,-16.2479,-40.1512
Santa Maria do Suaçuí,MG,-18.1896,-42.4139
Santa Maria do Tocantins,TO,-8.8046,-47.7887
Santa Maria Madalena,RJ,-21.9547,-42.0098
Santa Mariana,PR,-23.1465,-50.5167
Santa Mercedes,SP,-21.3495,-51.7564
Santa Mônica,PR,-23.108,-53.1103
Santa Quitéria,CE,-4.32608,-40.1523
Santa Quitéria do Maranhão,MA,-3.49308,-42.5688
Santa Rita,MA,-3.14241,-44.3211
Santa Rita,PB,-7.11724,-34.9753
Santa Rita d'Oeste,SP,-20.1414,-50.8358
Santa Rita de Caldas,MG,-22.0292,-46.3385
Santa Rita de Cássia,BA,-11.0063,-44.5255
Santa Rita de Ibitipoca,MG,-21.5658,-43.9163
Santa Rita de Jacutinga,MG,-22.1474,-44.0977
Santa Rita de Minas,MG,-19.876,-42.1363
Santa Rita do Araguaia,GO,-17.3269,-53.2012
Santa Rita do Itueto,MG,-19.3576,-41.3821
Santa Rita do Novo Destino,GO,-15.1351,-49.1203
Santa Rita do Pardo,MS,-21.3016,-52.8333
Santa Rita do Passa Quatro,SP,-21.7083,-47.478
Santa Rita do Sapucaí,MG,-22.2461,-45.7034
Santa Rita do Tocantins,TO,-10.8617,-48.9161
Santa Rita do Trivelato,MT,-13.8146,-55.2706
Santa Rosa,RS,-27.8702,-54.4796
Santa Rosa da Serra,MG,-19.5186,-45.9611
Santa Rosa de Goiás,GO,-16.084,-49.4953
Santa Rosa de Lima,SC,-28.0331,-49.133
Santa Rosa de Lima,SE,-10.6434,-37.1931
Santa Rosa de Viterbo,SP,-21.4776,-47.3622
Santa Rosa do Piauí,PI,-6.79581,-42.2814
Santa Rosa do Purus,AC,-9.44652,-70.4902
Santa Rosa do Sul,SC,-29.1313,-49.7109
Santa Rosa do Tocantins,TO,-11.4474,-48.1216
Santa Salete,SP,-20.2429,-50.6887
Santa Teresa,ES,-19.9363,-40.5979
Santa Teresinha,BA,-12.7697,-39.5215
Santa Teresinha,PB,-7.07964,-37.4435
Santa Tereza,RS,-29.1655,-51.7351
Santa Tereza de Goiás,GO,-13.7138,-49.0144
Santa Tereza do Oeste,PR,-25.0543,-53.6274
Santa Tereza do Tocantins,TO,-10.2746,-47.8033
Santa Terezinha,SC,-26.7813,-50.009
Santa Terezinha,MT,-10.4704,-50.514
Santa Terezinha,PE,-7.37696,-37.4787
Santa Terezinha de Goiás,GO,-14.4326,-49.7091
Santa Terezinha de Itaipu,PR,-25.4391,-54.402
Santa Terezinha do Progresso,SC,-26.624,-53.1997
Santa Terezinha do Tocantins,TO,-6.44438,-47.6684
Santa Vitória,MG,-18.8414,-50.1208
Santa Vitória do Palmar,RS,-33.525,-53.3717
Santaluz,BA,-11.2508,-39.375
Santana,BA,-12.9792,-44.0506
Santana,AP,-0.045434,-51.1729
Santana da Boa Vista,RS,-30.8697,-53.11
Santana da Ponte Pensa,SP,-20.2523,-50.8014
Santana da Vargem,MG,-21.2449,-45.5005
Santana de Cataguases,MG,-21.2893,-42.5524
Santana de Mangueira,PB,-7.54705,-38.3236
Santana de Parnaíba,SP,-23.4439,-46.9178
Santana de Pirapama,MG,-18.9962,-44.0409
Santana do Acaraú,CE,-3.46144,-40.2118
Santana do Araguaia,PA,-9.3281,-50.35
Santana do Cariri,CE,-7.17613,-39.7302
Santana do Deserto,MG,-21.9512,-43.1583
Santana do Garambéu,MG,-21.5983,-44.105
Santana do Ipanema,AL,-9.36999,-37.248
Santana do Itararé,PR,-23.7587,-49.6293
Santana do Jacaré,MG,-20.9007,-45.1285
Santana do Manhuaçu,MG,-20.1031,-41.9278
Santana do Maranhão,MA,-3.109,-42.4064
Santana do Matos,RN,-5.94605,-36.6578
Santana do Mundaú,AL,-9.17141,-36.2176
Santana do Paraíso,MG,-19.3661,-42.5446
Santana do Piauí,PI,-6.94696,-41.5178
Santana do Riacho,MG,-19.1662,-43.722
Santana do São Francisco,SE,-10.2922,-36.6105
Santana do Seridó,RN,-6.76643,-36.7312
Santana dos Garrotes,PB,-7.38162,-37.9819
Santana dos Montes,MG,-20.7868,-43.6949
Santanópolis,BA,-12.0311,-38.8694
Santarém,PA,-2.43849,-54.6996
Santarém Novo,PA,-0.93097,-47.3855
Santiago,RS,-29.1897,-54.8666
Santiago do Sul,SC,-26.6388,-52.6799
Santo Afonso,MT,-14.4945,-57.0091
Santo Amaro,BA,-12.5472,-38.7137
Santo Amaro da Imperatriz,SC,-27.6852,-48.7813
Santo Amaro das Brotas,SE,-10.7892,-37.0564
Santo Amaro do Maranhão,MA,-2.50068,-43.238
Santo Anastácio,SP,-21.9747,-51.6527
Santo André,SP,-23.6737,-46.5432
Santo André,PB,-7.22016,-36.6213
Santo Ângelo,RS,-28.3001,-54.2668
Santo Antônio,RN,-6.31195,-35.4739
Santo Antônio da Alegria,SP,-21.0864,-47.1464
Santo Antônio da Barra,GO,-17.5585,-50.6345
Santo Antônio da Patrulha,RS,-29.8268,-50.5175
Santo Antônio da Platina,PR,-23.2959,-50.0815
Santo Antônio das Missões,RS,-28.514,-55.2251
Santo Antônio de Goiás,GO,-16.4815,-49.3096
Santo Antônio de Jesus,BA,-12.9614,-39.2584
Santo Antônio de Lisboa,PI,-6.98676,-41.2252
Santo Antônio de Pádua,RJ,-21.541,-42.1832
Santo Antônio de Posse,SP,-22.6029,-46.9192
Santo Antônio do Amparo,MG,-20.943,-44.9176
Santo Antônio do Aracanguá,SP,-20.9331,-50.498
Santo Antônio do Aventureiro,MG,-21.7606,-42.8115
Santo Antônio do Caiuá,PR,-22.7351,-52.344
Santo Antônio do Descoberto,GO,-15.9412,-48.2578
Santo Antônio do Grama,MG,-20.3185,-42.6047
Santo Antônio do Içá,AM,-3.09544,-67.9463
Santo Antônio do Itambé,MG,-18.4609,-43.3006
Santo Antônio do Jacinto,MG,-16.5332,-40.1817
Santo Antônio do Jardim,SP,-22.1121,-46.6845
Santo Antônio do Leste,MT,-14.805,-53.6075
Santo Antônio do Leverger,MT,-15.8632,-56.0788
Santo Antônio do Monte,MG,-20.085,-45.2947
Santo Antônio do Palma,RS,-28.4956,-52.0267
Santo Antônio do Paraíso,PR,-23.4969,-50.6455
Santo Antônio do Pinhal,SP,-22.827,-45.663
Santo Antônio do Planalto,RS,-28.403,-52.6992
Santo Antônio do Retiro,MG,-15.3393,-42.6171
Santo Antônio do Rio Abaixo,MG,-19.2374,-43.2604
Santo Antônio do Sudoeste,PR,-26.0737,-53.7251
Santo Antônio do Tauá,PA,-1.1522,-48.1314
Santo Antônio dos Lopes,MA,-4.86613,-44.3653
Santo Antônio dos Milagres,PI,-6.04647,-42.7123
Santo Augusto,RS,-27.8526,-53.7776
Santo Cristo,RS,-27.8263,-54.662
Santo Estêvão,BA,-12.428,-39.2505
Santo Expedito,SP,-21.8467,-51.3929
Santo Expedito do Sul,RS,-27.9074,-51.6434
Santo Hipólito,MG,-18.2968,-44.2229
Santo Inácio,PR,-22.6957,-51.7969
Santo Inácio do Piauí,PI,-7.42072,-41.9063
Santópolis do Aguapeí,SP,-21.6376,-50.5044
Santos,SP,-23.9535,-46.335
Santos Dumont,MG,-21.4634,-43.5499
São Benedito,CE,-4.04713,-40.8596
São Benedito do Rio Preto,MA,-3.33515,-43.5287
São Benedito do Sul,PE,-8.8166,-35.9453
São Bentinho,PB,-6.88596,-37.7243
São Bento,PB,-6.48529,-37.4488
São Bento,MA,-2.69781,-44.8289
São Bento Abade,MG,-21.5839,-45.0699
São Bento do Norte,RN,-5.09259,-35.9587
São Bento do Sapucaí,SP,-22.6837,-45.7287
São Bento do Sul,SC,-26.2495,-49.3831
São Bento do Tocantins,TO,-6.0258,-47.9012
São Bento do Trairí,RN,-6.33798,-36.0863
São Bento do Una,PE,-8.52637,-36.4465
São Bernardino,SC,-26.4739,-52.9687
São Bernardo,MA,-3.37223,-42.4191
São Bernardo do Campo,SP,-23.6914,-46.5646
São Bonifácio,SC,-27.9009,-48.9326
São Borja,RS,-28.6578,-56.0036
São Brás,AL,-10.1141,-36.8522
São Brás do Suaçuí,MG,-20.6242,-43.9515
São Braz do Piauí,PI,-9.05797,-43.0076
São Caetano,PE,-8.33763,-36.2869
São Caetano de Odivelas,PA,-0.747293,-48.0246
São Caetano do Sul,SP,-23.6229,-46.5548
São Carlos,SP,-22.0174,-47.886
São Carlos,SC,-27.0798,-53.0037
São Carlos do Ivaí,PR,-23.3158,-52.4761
São Cristóvão,SE,-11.0084,-37.2044
São Cristovão do Sul,SC,-27.2666,-50.4388
São Desidério,BA,-12.3572,-44.9769
São Domingos,BA,-11.4649,-39.5268
São Domingos,SC,-26.5548,-52.5313
São Domingos,PB,-6.80313,-37.9488
São Domingos,SE,-10.7916,-37.5685
São Domingos,GO,-13.621,-46.7415
São Domingos das Dores,MG,-19.5246,-42.0106
São Domingos do Araguaia,PA,-5.53732,-48.7366
São Domingos do Azeitão,MA,-6.81471,-44.6509
São Domingos do Capim,PA,-1.68768,-47.7665
São Domingos do Cariri,PB,-7.63273,-36.4374
São Domingos do Maranhão,MA,-5.58095,-44.3822
São Domingos do Norte,ES,-19.1452,-40.6281
São Domingos do Prata,MG,-19.8678,-42.971
São Domingos do Sul,RS,-28.5312,-51.886
São Felipe,BA,-12.8394,-39.0893
São Felipe D'Oeste,RO,-11.9023,-61.5026
São Félix,BA,-12.6104,-38.9727
São Félix de Balsas,MA,-7.07535,-44.8092
São Félix de Minas,MG,-18.5959,-41.4889
São Félix do Araguaia,MT,-11.615,-50.6706
São Félix do Coribe,BA,-13.4019,-44.1837
São Félix do Piauí,PI,-5.93485,-42.1172
São Félix do Tocantins,TO,-10.1615,-46.6618
São Félix do Xingu,PA,-6.64254,-51.9904
São Fernando,RN,-6.37975,-37.1864
São Fidélis,RJ,-21.6551,-41.756
São Francisco,SP,-20.3623,-50.6952
São Francisco,PB,-6.60773,-38.0968
São Francisco,SE,-10.3442,-36.8869
São Francisco,MG,-15.9514,-44.8593
São Francisco de Assis,RS,-29.5547,-55.1253
São Francisco de Assis do Piauí,PI,-8.23599,-41.6873
São Francisco de Goiás,GO,-15.9256,-49.2605
São Francisco de Itabapoana,RJ,-21.4702,-41.1091
São Francisco de Paula,RS,-29.4404,-50.5828
São Francisco de Paula,MG,-20.7036,-44.9838
São Francisco de Sales,MG,-19.8611,-49.7727
São Francisco do Brejão,MA,-5.12584,-47.389
São Francisco do Conde,BA,-12.6183,-38.6786
São Francisco do Glória,MG,-20.7923,-42.2673
São Francisco do Guaporé,RO,-12.052,-63.568
São Francisco do Maranhão,MA,-6.25159,-42.8668
São Francisco do Oeste,RN,-5.97472,-38.1519
São Francisco do Pará,PA,-1.16963,-47.7917
São Francisco do Piauí,PI,-7.2463,-42.541
São Francisco do Sul,SC,-26.2579,-48.6344
São Gabriel,RS,-30.3337,-54.3217
São Gabriel,BA,-11.2175,-41.8843
São Gabriel da Cachoeira,AM,-0.11909,-67.084
São Gabriel da Palha,ES,-19.0182,-40.5365
São Gabriel do Oeste,MS,-19.3889,-54.5507
São Geraldo,MG,-20.9252,-42.8364
São Geraldo da Piedade,MG,-18.8411,-42.2867
São Geraldo do Araguaia,PA,-6.39471,-48.5592
São Geraldo do Baixio,MG,-18.9097,-41.363
São Gonçalo,RJ,-22.8268,-43.0634
São Gonçalo do Abaeté,MG,-18.3315,-45.8265
São Gonçalo do Amarante,RN,-5.79068,-35.3257
São Gonçalo do Amarante,CE,-3.60515,-38.9726
São Gonçalo do Gurguéia,PI,-10.0319,-45.3092
São Gonçalo do Pará,MG,-19.9822,-44.8593
São Gonçalo do Piauí,PI,-5.99393,-42.7095
São Gonçalo do Rio Abaixo,MG,-19.8221,-43.366
São Gonçalo do Rio Preto,MG,-18.0025,-43.3854
São Gonçalo do Sapucaí,MG,-21.8932,-45.5893
São Gonçalo dos Campos,BA,-12.4331,-38.9663
São Gotardo,MG,-19.3087,-46.0465
São Jerônimo,RS,-29.9716,-51.7251
São Jerônimo da Serra,PR,-23.7218,-50.7475
São João,PR,-25.8214,-52.7252
São João,PE,-8.87576,-36.3653
São João Batista,MA,-2.95398,-44.7953
São João Batista,SC,-27.2772,-48.8474
São João Batista do Glória,MG,-20.635,-46.508
São João d'Aliança,GO,-14.7048,-47.5228
São João da Baliza,RR,0.951659,-59.9133
São João da Barra,RJ,-21.638,-41.0446
São João da Boa Vista,SP,-21.9707,-46.7944
São João da Canabrava,PI,-6.81203,-41.3415
São João da Fronteira,PI,-3.95497,-41.2569
São João da Lagoa,MG,-16.8455,-44.3507
São João da Mata,MG,-21.928,-45.9297
São João da Paraúna,GO,-16.8126,-50.4092
São João da Ponta,PA,-0.857885,-47.918
São João da Ponte,MG,-15.9271,-44.0096
São João da Serra,PI,-5.51081,-41.8923
São João da Urtiga,RS,-27.8195,-51.8257
São João da Varjota,PI,-6.94082,-41.8889
São João das Duas Pontes,SP,-20.3879,-50.3792
São João das Missões,MG,-14.8859,-44.0922
São João de Iracema,SP,-20.5111,-50.3561
São João de Meriti,RJ,-22.8058,-43.3729
São João de Pirabas,PA,-0.780222,-47.181
São João del Rei,MG,-21.1311,-44.2526
São João do Araguaia,PA,-5.36334,-48.7926
São João do Arraial,PI,-3.8186,-42.4459
São João do Caiuá,PR,-22.8535,-52.3411
São João do Cariri,PB,-7.38168,-36.5345
São João do Carú,MA,-3.5503,-46.2507
São João do Itaperiú,SC,-26.6213,-48.7683
São João do Ivaí,PR,-23.9833,-51.8215
São João do Jaguaribe,CE,-5.27516,-38.2694
São João do Manhuaçu,MG,-20.3933,-42.1533
São João do Manteninha,MG,-18.723,-41.1628
São João do Oeste,SC,-27.0984,-53.5977
São João do Oriente,MG,-19.3384,-42.1575
São João do Pacuí,MG,-16.5373,-44.5134
São João do Paraíso,MG,-15.3168,-42.0213
São João do Paraíso,MA,-6.45634,-47.0594
São João do Pau d'Alho,SP,-21.2662,-51.6672
São João do Piauí,PI,-8.35466,-42.2559
São João do Polêsine,RS,-29.6194,-53.4439
São João do Rio do Peixe,PB,-6.72195,-38.4468
São João do Sabugi,RN,-6.71387,-37.2027
São João do Soter,MA,-5.10821,-43.8163
São João do Sul,SC,-29.2154,-49.8094
São João do Tigre,PB,-8.07703,-36.8547
São João do Triunfo,PR,-25.683,-50.2949
São João dos Patos,MA,-6.4934,-43.7036
São João Evangelista,MG,-18.548,-42.7655
São João Nepomuceno,MG,-21.5381,-43.0069
São Joaquim,SC,-28.2887,-49.9457
São Joaquim da Barra,SP,-20.5812,-47.8593
São Joaquim de Bicas,MG,-20.048,-44.2749
São Joaquim do Monte,PE,-8.43196,-35.8035
São Jorge,RS,-28.4984,-51.7064
São Jorge d'Oeste,PR,-25.7085,-52.9204
São Jorge do Ivaí,PR,-23.4336,-52.2929
São Jorge do Patrocínio,PR,-23.7647,-53.8823
São José,SC,-27.6136,-48.6366
São José da Barra,MG,-20.7178,-46.313
São José da Bela Vista,SP,-20.5935,-47.6424
São José da Boa Vista,PR,-23.9122,-49.6577
São José da Coroa Grande,PE,-8.88937,-35.1515
São José da Lagoa Tapada,PB,-6.93646,-38.1622
São José da Laje,AL,-9.01278,-36.0515
São José da Lapa,MG,-19.6971,-43.9586
São José da Safira,MG,-18.3243,-42.1431
São José da Tapera,AL,-9.55768,-37.3831
São José da Varginha,MG,-19.7006,-44.556
São José da Vitória,BA,-15.0787,-39.3437
São José das Missões,RS,-27.7789,-53.1226
São José das Palmeiras,PR,-24.8369,-54.0572
São José de Caiana,PB,-7.24636,-38.2989
São José de Espinharas,PB,-6.83974,-37.3214
São José de Mipibu,RN,-6.0773,-35.2417
São José de Piranhas,PB,-7.1187,-38.502
São José de Princesa,PB,-7.73633,-38.0894
São José de Ribamar,MA,-2.54704,-44.0597
São José de Ubá,RJ,-21.3661,-41.9511
São José do Alegre,MG,-22.3243,-45.5258
São José do Barreiro,SP,-22.6414,-44.5774
São José do Belmonte,PE,-7.85723,-38.7577
São José do Bonfim,PB,-7.1607,-37.3036
São José do Brejo do Cruz,PB,-6.21054,-37.3601
São José do Calçado,ES,-21.0274,-41.6636
São José do Campestre,RN,-6.31087,-35.7067
São José do Cedro,SC,-26.4561,-53.4955
São José do Cerrito,SC,-27.6602,-50.5733
São José do Divino,PI,-3.81411,-41.8308
São José do Divino,MG,-18.4793,-41.3907
São José do Egito,PE,-7.46945,-37.274
São José do Goiabal,MG,-19.9214,-42.7035
São José do Herval,RS,-29.052,-52.295
São José do Hortêncio,RS,-29.528,-51.245
São José do Inhacorá,RS,-27.7251,-54.1275
São José do Jacuípe,BA,-11.4137,-39.8669
São José do Jacuri,MG,-18.281,-42.6729
São José do Mantimento,MG,-20.0058,-41.7486
São José do Norte,RS,-32.0151,-52.0331
São José do Ouro,RS,-27.7707,-51.5966
São José do Peixe,PI,-7.48554,-42.5672
São José do Piauí,PI,-6.87194,-41.4731
São José do Povo,MT,-16.4549,-54.2487
São José do Rio Claro,MT,-13.4398,-56.7218
São José do Rio Pardo,SP,-21.5953,-46.8873
São José do Rio Preto,SP,-20.8113,-49.3758
São José do Sabugi,PB,-6.76295,-36.7972
São José do Seridó,RN,-6.44002,-36.8746
São José do Sul,RS,-29.5448,-51.4821
São José do Vale do Rio Preto,RJ,-22.1525,-42.9327
São José do Xingu,MT,-10.7982,-52.7486
São José dos Ausentes,RS,-28.7476,-50.0677
São José dos Basílios,MA,-5.05493,-44.5809
São José dos Campos,SP,-23.1896,-45.8841
São José dos Cordeiros,PB,-7.38775,-36.8085
São José dos Pinhais,PR,-25.5313,-49.2031
São José dos Quatro Marcos,MT,-15.6276,-58.1772
São José dos Ramos,PB,-7.25238,-35.3725
São Julião,PI,-7.08391,-40.8246
São Leopoldo,RS,-29.7545,-51.1498
São Lourenço,MG,-22.1166,-45.0506
São Lourenço da Mata,PE,-8.00684,-35.0124
São Lourenço da Serra,SP,-23.8491,-46.9432
São Lourenço do Oeste,SC,-26.3557,-52.8498
São Lourenço do Piauí,PI,-9.16463,-42.5496
São Lourenço do Sul,RS,-31.3564,-51.9715
São Ludgero,SC,-28.3144,-49.1806
São Luís,MA,-2.53874,-44.2825
São Luís de Montes Belos,GO,-16.5211,-50.3726
São Luís do Curu,CE,-3.66976,-39.2391
São Luis do Piauí,PI,-6.81936,-41.3175
São Luís do Quitunde,AL,-9.31816,-35.5606
São Luís Gonzaga do Maranhão,MA,-4.38541,-44.6654
São Luiz,RR,1.01019,-60.0419
São Luiz do Norte,GO,-14.8608,-49.3285
São Luiz do Paraitinga,SP,-23.222,-45.3109
São Luiz Gonzaga,RS,-28.412,-54.9559
São Mamede,PB,-6.92386,-37.0954
São Manoel do Paraná,PR,-23.3941,-52.6454
São Manuel,SP,-22.7321,-48.5723
São Marcos,RS,-28.9677,-51.0696
São Martinho,SC,-28.1609,-48.9867
São Martinho,RS,-27.7112,-53.9699
São Martinho da Serra,RS,-29.5397,-53.859
São Mateus,ES,-18.7214,-39.8579
São Mateus do Maranhão,MA,-4.03736,-44.4707
São Mateus do Sul,PR,-25.8677,-50.384
São Miguel,RN,-6.20283,-38.4947
São Miguel Arcanjo,SP,-23.8782,-47.9935
São Miguel da Baixa Grande,PI,-5.85646,-42.1934
São Miguel da Boa Vista,SC,-26.687,-53.2511
São Miguel das Matas,BA,-13.0434,-39.4578
São Miguel das Missões,RS,-28.556,-54.5559
São Miguel de Taipu,PB,-7.24764,-35.2016
São Miguel do Aleixo,SE,-10.3847,-37.3836
São Miguel do Anta,MG,-20.7067,-42.7174
São Miguel do Araguaia,GO,-13.2731,-50.1634
São Miguel do Fidalgo,PI,-7.59713,-42.3676
São Miguel do Gostoso,RN,-5.12302,-35.6354
São Miguel do Guamá,PA,-1.61307,-47.4784
São Miguel do Guaporé,RO,-11.6953,-62.7192
São Miguel do Iguaçu,PR,-25.3492,-54.2405
São Miguel do Oeste,SC,-26.7242,-53.5163
São Miguel do Passa Quatro,GO,-17.0582,-48.662
São Miguel do Tapuio,PI,-5.49729,-41.3165
São Miguel do Tocantins,TO,-5.56305,-47.5743
São Miguel dos Campos,AL,-9.78301,-36.0971
São Miguel dos Milagres,AL,-9.26493,-35.3763
São Nicolau,RS,-28.1834,-55.2654
São Patrício,GO,-15.35,-49.818
São Paulo,SP,-23.5329,-46.6395
São Paulo das Missões,RS,-28.0195,-54.9404
São Paulo de Olivença,AM,-3.47292,-68.9646
São Paulo do Potengi,RN,-5.8994,-35.7642
São Pedro,RN,-5.90559,-35.6317
São Pedro,SP,-22.5483,-47.9096
São Pedro da Água Branca,MA,-5.08472,-48.4291
São Pedro da Aldeia,RJ,-22.8429,-42.1026
São Pedro da Cipa,MT,-16.0109,-54.9176
São Pedro da Serra,RS,-29.4193,-51.5134
São Pedro da União,MG,-21.131,-46.6123
São Pedro das Missões,RS,-27.7706,-53.2513
São Pedro de Alcântara,SC,-27.5665,-48.8048
São Pedro do Butiá,RS,-28.1243,-54.8926
São Pedro do Iguaçu,PR,-24.9373,-53.8521
São Pedro do Ivaí,PR,-23.8634,-51.8568
São Pedro do Paraná,PR,-22.8239,-53.2241
São Pedro do Piauí,PI,-5.92078,-42.7192
São Pedro do Suaçuí,MG,-18.3609,-42.5981
São Pedro do Sul,RS,-29.6202,-54.1855
São Pedro do Turvo,SP,-22.7453,-49.7428
São Pedro dos Crentes,MA,-6.82389,-46.5319
São Pedro dos Ferros,MG,-20.1732,-42.5251
São Rafael,RN,-5.79791,-36.8778
São Raimundo das Mangabeiras,MA,-7.02183,-45.4809
São Raimundo do Doca Bezerra,MA,-5.11053,-45.0696
São Raimundo Nonato,PI,-9.01241,-42.6987
São Roberto,MA,-5.0231,-45.001
São Romão,MG,-16.3641,-45.0749
São Roque,SP,-23.5226,-47.1357
São Roque de Minas,MG,-20.249,-46.3639
São Roque do Canaã,ES,-19.7411,-40.6526
São Salvador do Tocantins,TO,-12.7458,-48.2352
São Sebastião,SP,-23.7951,-45.4143
São Sebastião,AL,-9.93043,-36.559
São Sebastião da Amoreira,PR,-23.4656,-50.7625
São Sebastião da Bela Vista,MG,-22.1583,-45.7546
São Sebastião da Boa Vista,PA,-1.71597,-49.5249
São Sebastião da Grama,SP,-21.7041,-46.8208
São Sebastião da Vargem Alegre,MG,-19.7477,-43.3679
São Sebastião de Lagoa de Roça,PB,-7.11034,-35.8678
São Sebastião do Alto,RJ,-21.9578,-42.1328
São Sebastião do Anta,MG,-19.5064,-41.985
São Sebastião do Caí,RS,-29.5885,-51.3749
São Sebastião do Maranhão,MG,-18.0873,-42.5659
São Sebastião do Oeste,MG,-20.2758,-45.0063
São Sebastião do Paraíso,MG,-20.9167,-46.9837
São Sebastião do Passé,BA,-12.5123,-38.4905
São Sebastião do Rio Preto,MG,-19.2959,-43.1757
São Sebastião do Rio Verde,MG,-22.2183,-44.9761
São Sebastião do Tocantins,TO,-5.26131,-48.2021
São Sebastião do Uatumã,AM,-2.55915,-57.8731
São Sebastião do Umbuzeiro,PB,-8.15289,-37.0138
São Sepé,RS,-30.1643,-53.5603
São Simão,SP,-21.4732,-47.5518
São Simão,GO,-18.996,-50.547
São Thomé das Letras,MG,-21.7218,-44.9849
São Tiago,MG,-20.9075,-44.5098
São Tomás de Aquino,MG,-20.7791,-47.0962
São Tomé,PR,-23.5349,-52.5901
São Tomé,RN,-5.96404,-36.0798
São Valentim,RS,-27.5583,-52.5237
São Valentim do Sul,RS,-29.0451,-51.7684
São Valério,TO,-11.9743,-48.2353
São Valério do Sul,RS,-27.7906,-53.9368
São Vendelino,RS,-29.3729,-51.3675
São Vicente,SP,-23.9574,-46.3883
São Vicente,RN,-6.21893,-36.6827
São Vicente de Minas,MG,-21.7042,-44.4431
São Vicente do Seridó,PB,-6.85426,-36.4122
São Vicente do Sul,RS,-29.6882,-54.6826
São Vicente Ferrer,PE,-7.58969,-35.4808
São Vicente Ferrer,MA,-2.89487,-44.8681
Sapé,PB,-7.09359,-35.228
Sapeaçu,BA,-12.7208,-39.1824
Sapezal,MT,-12.9892,-58.7645
Sapiranga,RS,-29.6349,-51.0064
Sapopema,PR,-23.9078,-50.5801
Sapucaí-Mirim,MG,-22.7409,-45.738
Sapucaia,PA,-6.94018,-49.6834
Sapucaia,RJ,-21.9949,-42.9142
Sapucaia do Sul,RS,-29.8276,-51.145
Saquarema,RJ,-22.9292,-42.5099
Sarandi,PR,-23.4441,-51.876
Sarandi,RS,-27.942,-52.9231
Sarapuí,SP,-23.6397,-47.8249
Sardoá,MG,-18.7828,-42.3629
Sarutaiá,SP,-23.2721,-49.4763
Sarzedo,MG,-20.0367,-44.1446
Sátiro Dias,BA,-11.5929,-38.5938
Satuba,AL,-9.56911,-35.8227
Satubinha,MA,-4.04913,-45.2457
Saubara,BA,-12.7387,-38.7625
Saudade do Iguaçu,PR,-25.6917,-52.6184
Saudades,SC,-26.9317,-53.0021
Saúde,BA,-10.9428,-40.4155
Schroeder,SC,-26.4116,-49.074
Seabra,BA,-12.4169,-41.7722
Seara,SC,-27.1564,-52.299
Sebastianópolis do Sul,SP,-20.6523,-49.925
Sebastião Barros,PI,-10.817,-44.8337
Sebastião Laranjeiras,BA,-14.571,-42.9434
Sebastião Leal,PI,-7.56803,-44.06
Seberi,RS,-27.4829,-53.4026
Sede Nova,RS,-27.6367,-53.9493
Segredo,RS,-29.3523,-52.9767
Selbach,RS,-28.6294,-52.9498
Selvíria,MS,-20.3637,-51.4192
Sem-Peixe,MG,-20.1008,-42.8483
Sena Madureira,AC,-9.06596,-68.6571
Senador Alexandre Costa,MA,-5.25096,-44.0533
Senador Amaral,MG,-22.5869,-46.1763
Senador Canedo,GO,-16.7084,-49.0914
Senador Cortes,MG,-21.7986,-42.9424
Senador Elói de Souza,RN,-6.03334,-35.6978
Senador Firmino,MG,-20.9158,-43.0904
Senador Georgino Avelino,RN,-6.1576,-35.1299
Senador Guiomard,AC,-10.1497,-67.7362
Senador José Bento,MG,-22.1633,-46.1792
Senador José Porfírio,PA,-4.31242,-51.5764
Senador La Rocque,MA,-5.4461,-47.2959
Senador Modestino Gonçalves,MG,-17.9465,-43.2172
Senador Pompeu,CE,-5.58244,-39.3704
Senador Rui Palmeira,AL,-9.46986,-37.4576
Senador Sá,CE,-3.35305,-40.4662
Senador Salgado Filho,RS,-28.025,-54.5507
Sengés,PR,-24.1129,-49.4616
Senhor do Bonfim,BA,-10.4594,-40.1865
Senhora de Oliveira,MG,-20.7972,-43.3394
Senhora do Porto,MG,-18.8909,-43.0799
Senhora dos Remédios,MG,-21.0351,-43.5812
Sentinela do Sul,RS,-30.6107,-51.5862
Sento Sé,BA,-9.74138,-41.8786
Serafina Corrêa,RS,-28.7126,-51.9352
Sericita,MG,-20.4748,-42.4828
Seringueiras,RO,-11.8055,-63.0182
Sério,RS,-29.3904,-52.2685
Seritinga,MG,-21.9134,-44.518
Seropédica,RJ,-22.7526,-43.7155
Serra,ES,-20.121,-40.3074
Serra Alta,SC,-26.7229,-53.0409
Serra Azul,SP,-21.3074,-47.5602
Serra Azul de Minas,MG,-18.3602,-43.1675
Serra Branca,PB,-7.48034,-36.666
Serra Caiada,RN,-6.10478,-35.7113
Serra da Raiz,PB,-6.68527,-35.4379
Serra da Saudade,MG,-19.4447,-45.795
Serra de São Bento,RN,-6.41762,-35.7033
Serra do Mel,RN,-5.17725,-37.0242
Serra do Navio,AP,0.901357,-52.0036
Serra do Ramalho,BA,-13.5659,-43.5929
Serra do Salitre,MG,-19.1083,-46.6961
Serra dos Aimorés,MG,-17.7872,-40.2453
Serra Dourada,BA,-12.759,-43.9504
Serra Grande,PB,-7.20957,-38.3647
Serra Negra,SP,-22.6139,-46.7033
Serra Negra do Norte,RN,-6.66031,-37.3996
Serra Nova Dourada,MT,-12.0896,-51.4025
Serra Preta,BA,-12.156,-39.3305
Serra Redonda,PB,-7.18622,-35.6842
Serra Talhada,PE,-7.98178,-38.289
Serrana,SP,-21.2043,-47.5952
Serrania,MG,-21.5441,-46.0417
Serrano do Maranhão,MA,-1.85229,-45.1207
Serranópolis,GO,-18.3067,-51.9586
Serranópolis de Minas,MG,-15.8176,-42.8732
Serranópolis do Iguaçu,PR,-25.3799,-54.0518
Serranos,MG,-21.8857,-44.5125
Serraria,PB,-6.81569,-35.6282
Serrinha,RN,-6.28181,-35.5
Serrinha,BA,-11.6584,-39.01
Serrinha dos Pintos,RN,-6.11087,-37.9548
Serrita,PE,-7.94041,-39.2951
Serro,MG,-18.5991,-43.3744
Serrolândia,BA,-11.4085,-40.2983
Sertaneja,PR,-23.0361,-50.8317
Sertânia,PE,-8.06847,-37.2684
Sertanópolis,PR,-23.0571,-51.0399
Sertão,RS,-27.9798,-52.2588
Sertão Santana,RS,-30.4562,-51.6017
Sertãozinho,SP,-21.1316,-47.9875
Sertãozinho,PB,-6.75127,-35.4372
Sete Barras,SP,-24.382,-47.9279
Sete de Setembro,RS,-28.1362,-54.4637
Sete Lagoas,MG,-19.4569,-44.2413
Sete Quedas,MS,-23.9705,-55.0398
Setubinha,MG,-17.6002,-42.1587
Severiano de Almeida,RS,-27.4362,-52.1217
Severiano Melo,RN,-5.77666,-37.957
Severínia,SP,-20.8108,-48.8054
Siderópolis,SC,-28.5955,-49.4314
Sidrolândia,MS,-20.9302,-54.9692
Sigefredo Pacheco,PI,-4.91665,-41.7311
Silva Jardim,RJ,-22.6574,-42.3961
Silvânia,GO,-16.66,-48.6083
Silvanópolis,TO,-11.1471,-48.1694
Silveira Martins,RS,-29.6467,-53.591
Silveirânia,MG,-21.1615,-43.2128
Silveiras,SP,-22.6638,-44.8522
Silves,AM,-2.81748,-58.248
Silvianópolis,MG,-22.0274,-45.8385
Simão Dias,SE,-10.7387,-37.8097
Simão Pereira,MG,-21.964,-43.3088
Simões,PI,-7.59109,-40.8137
Simões Filho,BA,-12.7866,-38.4029
Simolândia,GO,-14.4644,-46.4847
Simonésia,MG,-20.1341,-42.0091
Simplício Mendes,PI,-7.85294,-41.9075
Sinimbu,RS,-29.5357,-52.5304
Sinop,MT,-11.8604,-55.5091
Siqueira Campos,PR,-23.6875,-49.8304
Sirinhaém,PE,-8.58778,-35.1126
Siriri,SE,-10.5965,-37.1131
Sítio d'Abadia,GO,-14.7992,-46.2506
Sítio do Mato,BA,-13.0801,-43.4689
Sítio do Quinto,BA,-10.3545,-38.2213
Sítio Novo,MA,-5.87601,-46.7033
Sítio Novo,RN,-6.11132,-35.909
Sítio Novo do Tocantins,TO,-5.6012,-47.6381
Sobradinho,BA,-9.45024,-40.8145
Sobradinho,RS,-29.4194,-53.0326
Sobrado,PB,-7.14429,-35.2357
Sobral,CE,-3.68913,-40.3482
Sobrália,MG,-19.2345,-42.0998
Socorro,SP,-22.5903,-46.5251
Socorro do Piauí,PI,-7.86773,-42.4922
Solânea,PB,-6.75161,-35.6636
Soledade,PB,-7.05829,-36.3668
Soledade,RS,-28.8306,-52.5131
Soledade de Minas,MG,-22.0554,-45.0464
Solidão,PE,-7.59472,-37.6445
Solonópole,CE,-5.71894,-39.0107
Sombrio,SC,-29.108,-49.6328
Sonora,MS,-17.5698,-54.7551
Sooretama,ES,-19.1897,-40.0974
Sorocaba,SP,-23.4969,-47.4451
Sorriso,MT,-12.5425,-55.7211
Sossêgo,PB,-6.77067,-36.2538
Soure,PA,-0.73032,-48.5015
Sousa,PB,-6.75148,-38.2311
Souto Soares,BA,-12.088,-41.6427
Sucupira,TO,-11.993,-48.9685
Sucupira do Norte,MA,-6.47839,-44.1919
Sucupira do Riachão,MA,-6.40858,-43.5455
Sud Mennucci,SP,-20.6872,-50.9238
Sul Brasil,SC,-26.7351,-52.964
Sulina,PR,-25.7066,-52.7299
Sumaré,SP,-22.8204,-47.2728
Sumé,PB,-7.66206,-36.884
Sumidouro,RJ,-22.0485,-42.6761
Surubim,PE,-7.84746,-35.7481
Sussuapara,PI,-7.03687,-41.3767
Suzanápolis,SP,-20.4981,-51.0268
Suzano,SP,-23.5448,-46.3112
Tabaí,RS,-29.643,-51.6823
Tabaporã,MT,-11.3007,-56.8312
Tabapuã,SP,-20.9602,-49.0307
Tabatinga,SP,-21.7239,-48.6896
Tabatinga,AM,-4.2416,-69.9383
Tabira,PE,-7.58366,-37.5377
Taboão da Serra,SP,-23.6019,-46.7526
Tabocas do Brejo Velho,BA,-12.7026,-44.0075
Taboleiro Grande,RN,-5.91948,-38.0367
Tabuleiro,MG,-21.3632,-43.2381
Tabuleiro do Norte,CE,-5.24353,-38.1282
Tacaimbó,PE,-8.30867,-36.3
Tacaratu,PE,-9.09798,-38.1504
Taciba,SP,-22.3866,-51.2882
Tacima,PB,-6.48759,-35.6367
Tacuru,MS,-23.636,-55.0141
Taguaí,SP,-23.4452,-49.4024
Taguatinga,TO,-12.4026,-46.437
Taiaçu,SP,-21.1431,-48.5112
Tailândia,PA,-2.94584,-48.9489
Taió,SC,-27.121,-49.9942
Taiobeiras,MG,-15.8106,-42.2259
Taipas do Tocantins,TO,-12.1873,-46.9797
Taipu,RN,-5.63058,-35.5918
Taiúva,SP,-21.1223,-48.4528
Talismã,TO,-12.7949,-49.0896
Tamandaré,PE,-8.75665,-35.1033
Tamarana,PR,-23.7204,-51.0991
Tambaú,SP,-21.7029,-47.2703
Tamboara,PR,-23.2036,-52.4743
Tamboril,CE,-4.83136,-40.3196
Tamboril do Piauí,PI,-8.40937,-42.9211
Tanabi,SP,-20.6228,-49.6563
Tangará,RN,-6.19649,-35.7989
Tangará,SC,-27.0996,-51.2473
Tangará da Serra,MT,-14.6229,-57.4933
Tanguá,RJ,-22.7423,-42.7202
Tanhaçu,BA,-14.0197,-41.2473
Tanque d'Arca,AL,-9.53379,-36.4366
Tanque do Piauí,PI,-6.59787,-42.2795
Tanque Novo,BA,-13.5485,-42.4934
Tanquinho,BA,-11.968,-39.1033
Taparuba,MG,-19.7621,-41.608
Tapauá,AM,-5.62085,-63.1808
Tapejara,PR,-23.7315,-52.8735
Tapejara,RS,-28.0652,-52.0097
Tapera,RS,-28.6277,-52.8613
Taperoá,BA,-13.5321,-39.1009
Taperoá,PB,-7.20629,-36.8245
Tapes,RS,-30.6683,-51.3991
Tapira,PR,-23.3193,-53.0684
Tapira,MG,-19.9166,-46.8264
Tapiraí,MG,-19.8936,-46.0221
Tapiraí,SP,-23.9612,-47.5062
Tapiramutá,BA,-11.8475,-40.7927
Tapiratiba,SP,-21.4713,-46.7448
Tapurah,MT,-12.695,-56.5178
Taquara,RS,-29.6505,-50.7753
Taquaraçu de Minas,MG,-19.6652,-43.6922
Taquaral,SP,-21.0737,-48.4126
Taquaral de Goiás,GO,-16.0521,-49.6039
Taquarana,AL,-9.64529,-36.4928
Taquari,RS,-29.7943,-51.8653
Taquaritinga,SP,-21.4049,-48.5103
Taquaritinga do Norte,PE,-7.89446,-36.0423
Taquarituba,SP,-23.5307,-49.241
Taquarivaí,SP,-23.9211,-48.6948
Taquaruçu do Sul,RS,-27.4005,-53.4702
Taquarussu,MS,-22.4898,-53.3519
Tarabai,SP,-22.3016,-51.5621
Tarauacá,AC,-8.15697,-70.7722
Tarrafas,CE,-6.67838,-39.753
Tartarugalzinho,AP,1.50652,-50.9087
Tarumã,SP,-22.7429,-50.5786
Tarumirim,MG,-19.2835,-42.0097
Tasso Fragoso,MA,-8.4662,-45.7536
Tatuí,SP,-23.3487,-47.8461
Tauá,CE,-5.98585,-40.2968
Taubaté,SP,-23.0104,-45.5593
Tavares,RS,-31.2843,-51.088
Tavares,PB,-7.62697,-37.8712
Tefé,AM,-3.36822,-64.7193
Teixeira,PB,-7.22104,-37.2525
Teixeira de Freitas,BA,-17.5399,-39.74
Teixeira Soares,PR,-25.3701,-50.4571
Teixeiras,MG,-20.6561,-42.8564
Teixeirópolis,RO,-10.9056,-62.242
Tejuçuoca,CE,-3.98831,-39.5799
Tejupá,SP,-23.3425,-49.3722
Telêmaco Borba,PR,-24.3245,-50.6176
Telha,SE,-10.2064,-36.8818
Tenente Ananias,RN,-6.45823,-38.182
Tenente Laurentino Cruz,RN,-6.1378,-36.7135
Tenente Portela,RS,-27.3711,-53.7585
Tenório,PB,-6.93855,-36.6273
Teodoro Sampaio,BA,-12.295,-38.6347
Teodoro Sampaio,SP,-22.5299,-52.1682
Teofilândia,BA,-11.4827,-38.9913
Teófilo Otoni,MG,-17.8595,-41.5087
Teolândia,BA,-13.5896,-39.484
Teotônio Vilela,AL,-9.91656,-36.3492
Terenos,MS,-20.4378,-54.8647
Teresina,PI,-5.09194,-42.8034
Teresina de Goiás,GO,-13.7801,-47.2659
Teresópolis,RJ,-22.4165,-42.9752
Terezinha,PE,-9.05621,-36.6272
Terezópolis de Goiás,GO,-16.3945,-49.0797
Terra Alta,PA,-1.02963,-47.9004
Terra Boa,PR,-23.7683,-52.447
Terra de Areia,RS,-29.5782,-50.0644
Terra Nova,BA,-12.3888,-38.6238
Terra Nova,PE,-8.22244,-39.3825
Terra Nova do Norte,MT,-10.517,-55.231
Terra Rica,PR,-22.7111,-52.6188
Terra Roxa,PR,-24.1575,-54.0988
Terra Roxa,SP,-20.787,-48.3314
Terra Santa,PA,-2.10443,-56.4877
Tesouro,MT,-16.0809,-53.559
Teutônia,RS,-29.4482,-51.8044
Theobroma,RO,-10.2483,-62.3538
Tianguá,CE,-3.72965,-40.9923
Tibagi,PR,-24.5153,-50.4176
Tibau,RN,-4.83729,-37.2554
Tibau do Sul,RN,-6.19176,-35.0866
Tietê,SP,-23.1101,-47.7164
Tigrinhos,SC,-26.6876,-53.1545
Tijucas,SC,-27.2354,-48.6322
Tijucas do Sul,PR,-25.9311,-49.195
Timbaúba,PE,-7.50484,-35.3119
Timbaúba dos Batistas,RN,-6.45768,-37.2745
Timbé do Sul,SC,-28.8287,-49.842
Timbiras,MA,-4.25597,-43.932
Timbó,SC,-26.8246,-49.269
Timbó Grande,SC,-26.6127,-50.6607
Timburi,SP,-23.2057,-49.6096
Timon,MA,-5.09769,-42.8329
Timóteo,MG,-19.5811,-42.6471
Tio Hugo,RS,-28.5712,-52.5955
Tiradentes,MG,-21.1102,-44.1744
Tiradentes do Sul,RS,-27.4022,-54.0814
Tiros,MG,-19.0037,-45.9626
Tobias Barreto,SE,-11.1798,-37.9995
Tocantínia,TO,-9.5632,-48.3741
Tocantinópolis,TO,-6.32447,-47.4224
Tocantins,MG,-21.1774,-43.0127
Tocos do Moji,MG,-22.3698,-46.0971
Toledo,MG,-22.7421,-46.3728
Toledo,PR,-24.7246,-53.7412
Tomar do Geru,SE,-11.3694,-37.8433
Tomazina,PR,-23.7796,-49.9499
Tombos,MG,-20.9086,-42.0228
Tomé-Açu,PA,-2.41302,-48.1415
Tonantins,AM,-2.86582,-67.7919
Toritama,PE,-8.00955,-36.0637
Torixoréu,MT,-16.2006,-52.5571
Toropi,RS,-29.4782,-54.2244
Torre de Pedra,SP,-23.2462,-48.1955
Torres,RS,-29.3334,-49.7333
Torrinha,SP,-22.4237,-48.1731
Touros,RN,-5.20182,-35.4621
Trabiju,SP,-22.0388,-48.3342
Tracuateua,PA,-1.07653,-46.9031
Tracunhaém,PE,-7.80228,-35.2314
Traipu,AL,-9.96262,-37.0071
Trairão,PA,-4.57347,-55.9429
Trairi,CE,-3.26932,-39.2681
Trajano de Moraes,RJ,-22.0638,-42.0643
Tramandaí,RS,-29.9841,-50.1322
Travesseiro,RS,-29.2977,-52.0532
Tremedal,BA,-14.9736,-41.4142
Tremembé,SP,-22.9571,-45.5475
Três Arroios,RS,-27.5003,-52.1448
Três Barras,SC,-26.1056,-50.3197
Três Barras do Paraná,PR,-25.4185,-53.1833
Três Cachoeiras,RS,-29.4487,-49.9275
Três Corações,MG,-21.6921,-45.2511
Três Coroas,RS,-29.5137,-50.7739
Três de Maio,RS,-27.78,-54.2357
Três Forquilhas,RS,-29.5384,-50.0708
Três Fronteiras,SP,-20.2344,-50.8905
Três Lagoas,MS,-20.7849,-51.7007
Três Marias,MG,-18.2048,-45.2473
Três Palmeiras,RS,-27.6139,-52.8437
Três Passos,RS,-27.4555,-53.9296
Três Pontas,MG,-21.3694,-45.5109
Três Ranchos,GO,-18.3539,-47.776
Três Rios,RJ,-22.1165,-43.2185
Treviso,SC,-28.5097,-49.4634
Treze de Maio,SC,-28.5537,-49.1565
Treze Tílias,SC,-27.0026,-51.4084
Trindade,GO,-16.6517,-49.4927
Trindade,PE,-7.759,-40.2647
Trindade do Sul,RS,-27.5239,-52.8956
Triunfo,RS,-29.9291,-51.7075
Triunfo,PB,-6.5713,-38.5986
Triunfo,PE,-7.83272,-38.0978
Triunfo Potiguar,RN,-5.85408,-37.1786
Trizidela do Vale,MA,-4.538,-44.628
Trombas,GO,-13.5079,-48.7417
Trombudo Central,SC,-27.3033,-49.793
Tubarão,SC,-28.4713,-49.0144
Tucano,BA,-10.9584,-38.7894
Tucumã,PA,-6.74687,-51.1626
Tucunduva,RS,-27.6573,-54.4439
Tucuruí,PA,-3.7657,-49.6773
Tufilândia,MA,-3.67355,-45.6238
Tuiuti,SP,-22.8193,-46.6937
Tumiritinga,MG,-18.9844,-41.6527
Tunápolis,SC,-26.9681,-53.6417
Tunas,RS,-29.1039,-52.9538
Tunas do Paraná,PR,-24.9731,-49.0879
Tuneiras do Oeste,PR,-23.8648,-52.8769
Tuntum,MA,-5.25476,-44.6444
Tupã,SP,-21.9335,-50.5191
Tupaciguara,MG,-18.5866,-48.6985
Tupanatinga,PE,-8.74798,-37.3445
Tupanci do Sul,RS,-27.9241,-51.5383
Tupanciretã,RS,-29.0858,-53.8445
Tupandi,RS,-29.4772,-51.4174
Tuparendi,RS,-27.7598,-54.4814
Tuparetama,PE,-7.6003,-37.3165
Tupãssi,PR,-24.5879,-53.5105
Tupi Paulista,SP,-21.3825,-51.575
Tupirama,TO,-8.97168,-48.1883
Tupiratins,TO,-8.39388,-48.1277
Turiaçu,MA,-1.65893,-45.3798
Turilândia,MA,-2.21638,-45.3044
Turiúba,SP,-20.9428,-50.1135
Turmalina,SP,-20.0486,-50.4792
Turmalina,MG,-17.2828,-42.7285
Turuçu,RS,-31.4173,-52.1706
Tururu,CE,-3.58413,-39.4297
Turvânia,GO,-16.6125,-50.1369
Turvelândia,GO,-17.8502,-50.3024
Turvo,PR,-25.0437,-51.5282
Turvo,SC,-28.9272,-49.6831
Turvolândia,MG,-21.8733,-45.7859
Tutóia,MA,-2.76141,-42.2755
Uarini,AM,-2.99609,-65.1133
Uauá,BA,-9.83325,-39.4794
Ubá,MG,-21.1204,-42.9359
Ubaí,MG,-16.2885,-44.7783
Ubaíra,BA,-13.2714,-39.666
Ubaitaba,BA,-14.303,-39.3222
Ubajara,CE,-3.85448,-40.9204
Ubaporanga,MG,-19.6351,-42.1059
Ubarana,SP,-21.165,-49.7198
Ubatã,BA,-14.2063,-39.5207
Ubatuba,SP,-23.4332,-45.0834
Uberaba,MG,-19.7472,-47.9381
Uberlândia,MG,-18.9141,-48.2749
Ubirajara,SP,-22.5272,-49.6613
Ubiratã,PR,-24.5393,-52.9865
Ubiretama,RS,-28.0404,-54.686
Uchoa,SP,-20.9511,-49.1713
Uibaí,BA,-11.3394,-42.1354
Uiramutã,RR,4.60314,-60.1815
Uirapuru,GO,-14.2835,-49.9201
Uiraúna,PB,-6.51504,-38.4128
Ulianópolis,PA,-3.75007,-47.4892
Umari,CE,-6.63893,-38.7008
Umarizal,RN,-5.98238,-37.818
Umbaúba,SE,-11.3809,-37.6623
Umburanas,BA,-10.7339,-41.3234
Umburatiba,MG,-17.2548,-40.5779
Umbuzeiro,PB,-7.69199,-35.6582
Umirim,CE,-3.67654,-39.3465
Umuarama,PR,-23.7656,-53.3201
Una,BA,-15.2791,-39.0765
Unaí,MG,-16.3592,-46.9022
União,PI,-4.58571,-42.8583
União da Serra,RS,-28.7833,-52.0238
União da Vitória,PR,-26.2273,-51.0873
União de Minas,MG,-19.5299,-50.338
União do Oeste,SC,-26.762,-52.8541
União do Sul,MT,-11.5308,-54.3616
União dos Palmares,AL,-9.15921,-36.0223
União Paulista,SP,-20.8862,-49.9025
Uniflor,PR,-23.0868,-52.1573
Unistalda,RS,-29.04,-55.1517
Upanema,RN,-5.63761,-37.2635
Uraí,PR,-23.2,-50.7939
Urandi,BA,-14.7678,-42.6498
Urânia,SP,-20.2455,-50.6455
Urbano Santos,MA,-3.20642,-43.3878
Uru,SP,-21.7866,-49.2848
Uruaçu,GO,-14.5238,-49.1396
Uruana,GO,-15.4993,-49.6861
Uruana de Minas,MG,-16.0634,-46.2443
Uruará,PA,-3.71519,-53.7396
Urubici,SC,-28.0157,-49.5925
Uruburetama,CE,-3.62316,-39.5107
Urucânia,MG,-20.3521,-42.737
Urucará,AM,-2.52936,-57.7538
Uruçuca,BA,-14.5963,-39.2851
Uruçuí,PI,-7.23944,-44.5577
Urucuia,MG,-16.1244,-45.7352
Urucurituba,AM,-3.12841,-58.1496
Uruguaiana,RS,-29.7614,-57.0853
Uruoca,CE,-3.30819,-40.5628
Urupá,RO,-11.1261,-62.3639
Urupema,SC,-27.9557,-49.8729
Urupês,SP,-21.2032,-49.2931
Urussanga,SC,-28.518,-49.3238
Urutaí,GO,-17.4651,-48.2015
Utinga,BA,-12.0783,-41.0954
Vacaria,RS,-28.5079,-50.9418
Vale de São Domingos,MT,-15.286,-59.0683
Vale do Anari,RO,-9.86215,-62.1876
Vale do Paraíso,RO,-10.4465,-62.1352
Vale do Sol,RS,-29.5967,-52.6839
Vale Real,RS,-29.3919,-51.2559
Vale Verde,RS,-29.7864,-52.1857
Valença,BA,-13.3669,-39.073
Valença,RJ,-22.2445,-43.7129
Valença do Piauí,PI,-6.40301,-41.7375
Valente,BA,-11.4062,-39.457
Valentim Gentil,SP,-20.4217,-50.0889
Valinhos,SP,-22.9698,-46.9974
Valparaíso,SP,-21.2229,-50.8699
Valparaíso de Goiás,GO,-16.0651,-47.9757
Vanini,RS,-28.4758,-51.8447
Vargeão,SC,-26.8621,-52.1549
Vargem,SC,-27.4867,-50.9724
Vargem,SP,-22.887,-46.4124
Vargem Alegre,MG,-19.5988,-42.2949
Vargem Alta,ES,-20.669,-41.0179
Vargem Bonita,MG,-20.3333,-46.3688
Vargem Bonita,SC,-27.0055,-51.7402
Vargem Grande,MA,-3.53639,-43.917
Vargem Grande do Rio Pardo,MG,-15.3987,-42.3085
Vargem Grande do Sul,SP,-21.8322,-46.8913
Vargem Grande Paulista,SP,-23.5993,-47.022
Varginha,MG,-21.5556,-45.4364
Varjão,GO,-17.0471,-49.6312
Varjão de Minas,MG,-18.3741,-46.0313
Varjota,CE,-4.19387,-40.4741
Varre-Sai,RJ,-20.9276,-41.8701
Várzea,RN,-6.34641,-35.3732
Várzea,PB,-6.76189,-36.9913
Várzea Alegre,CE,-6.78264,-39.2942
Várzea Branca,PI,-9.238,-42.9692
Várzea da Palma,MG,-17.5944,-44.7226
Várzea da Roça,BA,-11.6005,-40.1328
Várzea do Poço,BA,-11.5273,-40.3149
Várzea Grande,PI,-6.54899,-42.248
Várzea Grande,MT,-15.6458,-56.1322
Várzea Nova,BA,-11.2557,-40.9432
Várzea Paulista,SP,-23.2136,-46.8234
Varzedo,BA,-12.9672,-39.3919
Varzelândia,MG,-15.6992,-44.0278
Vassouras,RJ,-22.4059,-43.6686
Vazante,MG,-17.9827,-46.9088
Venâncio Aires,RS,-29.6143,-52.1932
Venda Nova do Imigrante,ES,-20.327,-41.1355
Venha-Ver,RN,-6.32016,-38.4896
Ventania,PR,-24.2458,-50.2376
Venturosa,PE,-8.57885,-36.8742
Vera,MT,-12.3017,-55.3045
Vera Cruz,RN,-6.04399,-35.428
Vera Cruz,BA,-12.9568,-38.6153
Vera Cruz,RS,-29.7184,-52.5152
Vera Cruz,SP,-22.2183,-49.8207
Vera Cruz do Oeste,PR,-25.0577,-53.8771
Vera Mendes,PI,-7.59748,-41.4673
Veranópolis,RS,-28.9312,-51.5516
Verdejante,PE,-7.92235,-38.9701
Verdelândia,MG,-15.5845,-43.6121
Verê,PR,-25.8772,-52.9051
Vereda,BA,-17.2183,-40.0974
Veredinha,MG,-17.3974,-42.7307
Veríssimo,MG,-19.6657,-48.3118
Vermelho Novo,MG,-20.0406,-42.2688
Vertente do Lério,PE,-7.77084,-35.8491
Vertentes,PE,-7.90158,-35.9681
Vespasiano,MG,-19.6883,-43.9239
Vespasiano Corrêa,RS,-29.0655,-51.8625
Viadutos,RS,-27.5716,-52.0211
Viamão,RS,-30.0819,-51.0194
Viana,ES,-20.3825,-40.4933
Viana,MA,-3.20451,-44.9912
Vianópolis,GO,-16.7405,-48.5159
Vicência,PE,-7.65655,-35.3139
Vicente Dutra,RS,-27.1607,-53.4022
Vicentina,MS,-22.4098,-54.4415
Vicentinópolis,GO,-17.7322,-49.8047
Viçosa,RN,-5.98253,-37.9462
Viçosa,AL,-9.36763,-36.2431
Viçosa,MG,-20.7559,-42.8742
Viçosa do Ceará,CE,-3.5667,-41.0916
Victor Graeff,RS,-28.5632,-52.7495
Vidal Ramos,SC,-27.3886,-49.3593
Videira,SC,-27.0086,-51.1543
Vieiras,MG,-20.867,-42.2401
Vieirópolis,PB,-6.50684,-38.2567
Vigia,PA,-0.861194,-48.1386
Vila Bela da Santíssima Trindade,MT,-15.0068,-59.9504
Vila Boa,GO,-15.0387,-47.052
Vila Flor,RN,-6.31287,-35.067
Vila Flores,RS,-28.8598,-51.5504
Vila Lângaro,RS,-28.1062,-52.1438
Vila Maria,RS,-28.5359,-52.1486
Vila Nova do Piauí,PI,-7.13272,-40.9345
Vila Nova do Sul,RS,-30.3461,-53.876
Vila Nova dos Martírios,MA,-5.18889,-48.1336
Vila Pavão,ES,-18.6091,-40.609
Vila Propício,GO,-15.4542,-48.8819
Vila Rica,MT,-10.0137,-51.1186
Vila Valério,ES,-18.9958,-40.3849
Vila Velha,ES,-20.3417,-40.2875
Vilhena,RO,-12.7502,-60.1488
Vinhedo,SP,-23.0302,-46.9833
Viradouro,SP,-20.8734,-48.293
Virgem da Lapa,MG,-16.807,-42.3431
Virgínia,MG,-22.3264,-45.0965
Virginópolis,MG,-18.8154,-42.7015
Virgolândia,MG,-18.4738,-42.3067
Virmond,PR,-25.3829,-52.1987
Visconde do Rio Branco,MG,-21.0127,-42.8361
Viseu,PA,-1.19124,-46.1399
Vista Alegre,RS,-27.3686,-53.4919
Vista Alegre do Alto,SP,-21.1692,-48.6284
Vista Alegre do Prata,RS,-28.8052,-51.7947
Vista Gaúcha,RS,-27.2902,-53.6974
Vista Serrana,PB,-6.7303,-37.5704
Vitor Meireles,SC,-26.8782,-49.8328
Vitória,ES,-20.3155,-40.3128
Vitória Brasil,SP,-20.1956,-50.4875
Vitória da Conquista,BA,-14.8615,-40.8442
Vitória das Missões,RS,-28.3516,-54.504
Vitória de Santo Antão,PE,-8.12819,-35.2976
Vitória do Jari,AP,-0.938,-52.424
Vitória do Mearim,MA,-3.45125,-44.8643
Vitória do Xingu,PA,-2.87922,-52.0088
Vitorino,PR,-26.2683,-52.7843
Vitorino Freire,MA,-4.28184,-45.2505
Volta Grande,MG,-21.7671,-42.5375
Volta Redonda,RJ,-22.5202,-44.0996
Votorantim,SP,-23.5446,-47.4388
Votuporanga,SP,-20.4237,-49.9781
Wagner,BA,-12.2819,-41.1715
Wall Ferraz,PI,-7.23151,-41.905
Wanderlândia,TO,-6.85274,-47.9601
Wanderley,BA,-12.1144,-43.8958
Wenceslau Braz,MG,-22.5368,-45.3626
Wenceslau Braz,PR,-23.8742,-49.8032
Wenceslau Guimarães,BA,-13.6908,-39.4762
Westfália,RS,-29.4263,-51.7645
Witmarsum,SC,-26.9275,-49.7947
Xambioá,TO,-6.4141,-48.532
Xambrê,PR,-23.7364,-53.4884
Xangri-lá,RS,-29.8065,-50.0519
Xanxerê,SC,-26.8747,-52.4036
Xapuri,AC,-10.6516,-68.4969
Xavantina,SC,-27.0667,-52.343
Xaxim,SC,-26.9596,-52.5374
Xexéu,PE,-8.8046,-35.6212
Xinguara,PA,-7.0983,-49.9437
Xique-Xique,BA,-10.823,-42.7245
Zabelê,PB,-8.07901,-37.1057
Zacarias,SP,-21.0506,-50.0552
Zé Doca,MA,-3.27014,-45.6553
Zortéa,SC,-27.4521,-51.552
Boa Esperança do Norte,MT,-13.5067,-55.1486
